documents/v00120151106_d01_ECHAM5_R3_Chg_2036_tasmean3hrly_degC_SON_LUChg_1km_1-3pm.asc
ncols         100
nrows         100
xllcorner     265500
yllcorner     6192500
cellsize      1000
NODATA_value  -9999
[rows 0 to 26 of 100, columns 0 to 60 of 100]
-0.007888 -0.01213 -0.009127 -0.006873 -0.00767 -0.003208 -0.00945 0.004397 -0.00078 0.003984 0.005532 0.005688 0.002771 -0.003578 0.005153 0.003593 0.003415 0.002773 0.003258 0.010373 0.016122 0.025019 0.001143 0.020785 0.014632 0.018438 0.012481 0.017765 0.027502 0.029442 0.029876 0.027521 0.042705 0.036318 0.049926 0.047811 0.048397 0.053778 0.050465 0.069237 0.054042 0.068314 0.064202 0.059075 0.063123 0.054165 0.05784 0.051605 0.035305 0.031078 0.026265 0.022775 0.016808 0.021648 0.012476 0.007849 0.006233 -0.007436 -0.01446 -0.02448 -0.038796
-0.010031 -0.013139 -0.009473 -0.015773 -0.010008 -0.010452 -0.00502 0.00416 0.00556 0.006949 0.004258 -0.002546 0.002302 -0.000247 0.002124 0.005501 0.006912 0.004545 0.003648 0.014211 0.015397 0.031319 0.030953 0.008577 0.014067 0.019215 0.016909 0.022247 0.029668 0.025744 0.037867 0.041524 0.029139 0.052007 0.033477 0.056452 0.052524 0.051975 0.070659 0.040797 0.080681 0.06537 0.060675 0.074406 0.049443 0.052424 0.055933 0.035815 0.035295 0.034119 0.02718 0.025082 0.020607 0.018674 0.016885 0.016076 0.005838 -0.003031 -0.013127 -0.02229 0.023497
-0.01087 -0.01309 -0.013596 -0.012431 -0.011338 -0.01303 -0.009294 0.003865 0.00248 0.005539 0.0042 -0.003924 -0.000975 0.002499 0.006103 0.006517 0.000412 0.007168 0.011927 0.015724 0.026225 0.010204 0.008655 0.029409 0.01552 0.018656 0.034182 0.02318 0.028943 0.046558 0.008639 0.049767 0.029544 0.050388 0.046284 0.061118 0.064897 0.0704 0.060507 0.085786 0.053918 0.069526 0.081345 0.053311 0.063935 0.039919 0.042547 0.042667 0.046839 0.036895 0.024651 0.022939 0.02141 0.022245 0.027649 0.02055 0.007372 0.009384 0.002245 -0.004732 -0.016407
-0.015444 -0.015382 -0.016135 -0.014939 -0.016866 -0.008833 -0.009297 0.005443 0.000251 0.005504 0.006963 0.002993 0.002018 0.003326 0.007682 0.004325 0.010085 0.014276 0.002597 0.022909 0.013597 0.034716 0.027388 0.018424 0.026925 0.031712 0.007485 0.04695 0.041711 0.031208 0.051047 0.026909 0.049519 0.035114 0.055746 0.055177 0.07681 0.074474 0.069626 0.071073 0.070815 0.067892 0.059554 0.063932 0.06111 0.06338 0.04945 0.042514 0.042712 0.038541 0.036289 0.027712 0.024481 0.035871 0.033987 0.027508 0.023854 0.022149 0.008563 0.013526 0.004505
-0.012219 -0.014866 -0.015286 -0.011485 -0.016124 -0.007336 -0.001796 0.005392 0.00236 0.008409 0.001975 0.000495 0.009229 0.005615 0.003946 0.009992 0.008182 0.003114 0.024563 0.015816 0.030541 0.018992 0.017519 0.035669 0.01872 0.036901 0.051743 0.037566 0.036385 0.052957 0.049836 0.049884 0.049562 0.055345 0.056571 0.069987 0.063594 0.076965 0.066969 0.066805 0.069246 0.067965 0.07051 0.064744 0.057634 0.055955 0.063473 0.057001 0.052121 0.051652 0.041092 0.041405 0.037024 0.040194 0.038818 0.039157 0.038809 0.030719 0.023392 0.01617 0.018367
-0.016756 -0.015889 -0.014915 -0.013002 -0.01444 -0.00365 -0.003461 -0.000785 -0.001023 0.005505 0.006029 0.00333 0.002687 0.007558 0.012521 0.011648 0.012798 0.010203 0.01281 0.01752 0.028066 0.037637 0.0371 0.018278 0.048839 0.040149 0.039568 0.053611 0.058803 0.041331 0.049908 0.043918 0.058368 0.060007 0.059558 0.058576 0.064149 0.058774 0.06257 0.071918 0.056973 0.078657 0.066416 0.078791 0.072773 0.075229 0.059829 0.064091 0.054403 0.049786 0.042772 0.044704 0.038282 0.044502 0.047054 0.048546 0.044238 0.030931 0.028389 0.019173 0.01486
-0.010346 -0.013264 -0.017032 -0.01016 -0.013821 -0.008245 -0.013661 0.001202 -0.004589 -0.001269 0.006045 0.009036 0.009466 0.01356 0.01099 0.016319 0.012736 0.018569 0.02643 0.025655 0.031579 0.033541 0.022976 0.03802 0.037239 0.048967 0.061459 0.036705 0.061098 0.050986 0.050171 0.050005 0.05683 0.060458 0.059226 0.063456 0.058431 0.061297 0.057207 0.059939 0.067044 0.071293 0.074352 0.073477 0.072324 0.071519 0.067049 0.058141 0.054016 0.045688 0.040756 0.041548 0.042812 0.046504 0.050111 0.049208 0.037172 0.038143 0.027373 0.021171 0.019217
-0.010117 -0.014701 -0.015599 -0.017566 -0.004195 -0.003964 -0.006035 -0.001087 -0.000281 -0.001812 0.001566 0.005738 0.008683 0.010652 0.006303 0.011309 0.007961 0.017247 0.023449 0.030826 0.036762 0.030075 0.042055 0.038805 0.050775 0.055736 0.051538 0.066884 0.050191 0.056341 0.047529 0.058117 0.0508 0.05532 0.058761 0.059044 0.055243 0.048541 0.063198 0.068848 0.06891 0.06946 0.082112 0.075992 0.073323 0.072524 0.062157 0.053935 0.048118 0.044735 0.044613 0.039184 0.04135 0.048294 0.047785 0.048367 0.035171 0.03375 0.029037 0.027657 0.012614
-0.011357 -0.006944 -0.014609 -0.013667 -0.003694 -0.013569 -0.007088 -0.007416 -0.004232 0.005074 0.000828 0.003177 0.006884 0.008136 0.006393 0.01111 0.011348 0.025462 0.028243 0.034295 0.03482 0.045082 0.014633 0.04862 0.044216 0.057389 0.062465 0.037602 0.057982 0.044726 0.050106 0.04951 0.052103 0.053382 0.05614 0.053773 0.054683 0.05902 0.073639 0.055872 0.080479 0.076125 0.06793 0.074943 0.067188 0.055658 0.060763 0.05772 0.050689 0.046485 0.046516 0.042915 0.050872 0.047481 0.054491 0.041297 0.036262 0.033259 0.024449 0.033872 0.012864
-0.009244 -0.013474 -0.013958 -0.014373 -0.008203 -0.010054 -0.013732 -0.006737 -0.004953 -0.003902 -0.001216 0.002092 0.006503 0.000173 0.002895 0.001346 0.011307 0.02005 0.026827 0.029602 0.023329 0.028713 0.045585 0.04892 0.045945 0.04925 0.050645 0.060094 0.056791 0.050528 0.054504 0.051645 0.053373 0.051043 0.05767 0.056706 0.053094 0.060022 0.05529 0.071159 0.06443 0.075048 0.072781 0.074919 0.069183 0.053226 0.052332 0.050066 0.05518 0.05232 0.056969 0.049922 0.054265 0.050166 0.049266 0.040694 0.038597 0.025799 0.024751 0.026309 0.014517
-0.009876 -0.013405 -0.021434 -0.016105 -0.011579 -0.011928 -0.012839 -0.00883 -0.003154 -0.006806 0.002168 -0.000164 0.002792 0.006941 0.010422 0.01353 0.008335 0.024432 0.021614 0.021634 0.042117 0.023237 0.03668 0.040811 0.046829 0.058822 0.062686 0.055146 0.05807 0.047554 0.059599 0.059568 0.055551 0.052639 0.054446 0.058725 0.061102 0.055044 0.069172 0.06407 0.072707 0.072374 0.073394 0.065023 0.067019 0.060441 0.044479 0.044215 0.047277 0.052283 0.048779 0.044403 0.044811 0.051511 0.044301 0.038842 0.038268 0.03728 0.030724 0.02184 0.014305
-0.015161 -0.005276 -0.010704 -0.015595 -0.008643 -0.012784 -0.00557 -0.006922 -0.003871 -0.000297 0.001693 -0.001166 0.004583 -0.003593 0.006204 0.011135 0.02043 0.023639 0.027762 0.03903 0.004932 0.043167 0.03999 0.048849 0.051523 0.057968 0.06535 0.055627 0.041483 0.045282 0.049057 0.051654 0.058045 0.047056 0.060325 0.057397 0.058797 0.064952 0.070875 0.068909 0.072243 0.074511 0.07664 0.066655 0.059503 0.05764 0.043288 0.026947 0.029029 0.0351 0.036141 0.03594 0.03854 0.039419 0.044806 0.039643 0.041312 0.037987 0.030149 0.025076 0.017176
-0.012953 -0.009167 -0.012876 -0.010949 -0.009333 -0.007589 -0.009314 -0.004875 -0.002504 -0.002196 -0.000303 -0.001202 0.003186 0.006988 0.019605 0.018896 0.02286 0.026171 0.031288 0.02644 0.041427 0.027878 0.041149 0.052189 0.054508 0.05738 0.070639 0.056397 0.064613 0.055791 0.058754 0.067226 0.050631 0.051526 0.047816 0.077489 0.076511 0.07771 0.074987 0.075541 0.068689 0.077907 0.07133 0.076485 0.073631 0.060591 0.055982 0.031866 0.028084 0.029886 0.037725 0.028866 0.035092 0.03899 0.045524 0.041579 0.042661 0.040014 0.026112 0.021197 0.017171
-0.010545 -0.005185 -0.007981 -0.006166 -0.003845 -0.006251 -0.007732 -0.005773 0.003244 0.004149 0.001129 0.001036 0.007464 0.002078 0.013301 0.021522 0.023141 0.026584 0.034158 0.033056 0.040079 0.031078 0.047725 0.053036 0.052667 0.064256 0.058201 0.074309 0.053073 0.060112 0.070835 0.059301 0.069909 0.05814 0.069857 0.27697 0.174546 0.100885 0.084611 0.091076 0.087152 0.092379 0.091305 0.070185 0.069992 0.069795 0.05165 0.057729 0.042569 0.044885 0.039096 0.039993 0.035949 0.04 0.045391 0.042276 0.036487 0.032988 0.023093 0.01974 0.008453
-0.010744 0.002888 -0.00693 -0.00619 -0.004357 0.000165 -0.00347 -0.001588 0.000596 0.001306 0.006728 0.006606 0.00762 0.002693 0.018534 0.024141 0.021292 0.032244 0.0333 0.035967 0.020781 0.04044 0.047534 0.049483 0.055406 0.061327 0.065086 0.051086 0.061998 0.062171 0.070673 0.140774 0.135971 0.091504 0.253755 -0.241681 0.417039 0.171223 0.131035 0.249761 0.26373 0.127984 0.104135 0.091434 0.080656 0.073835 0.060608 0.048558 0.040147 0.056576 0.046048 0.040728 0.039584 0.03619 0.04363 0.032992 0.038691 0.032429 0.024921 0.011387 0.009264
-0.00908 -0.001151 -0.001422 -0.004854 -0.009177 -0.007973 -0.002873 0.000269 -0.000988 0.000823 0.004957 0.002569 0.008287 0.007012 0.01806 0.021336 0.027221 0.031112 0.020388 0.04213 0.022462 0.042247 0.050375 0.061008 0.057873 0.059079 0.059809 0.059379 0.059962 0.059853 0.142578 0.183558 0.192386 0.169812 0.186102 0.568045 0.413333 0.319686 0.366686 0.53282 0.546693 0.326784 0.14947 0.103823 0.086833 0.075119 0.06965 0.060738 0.052712 0.045468 0.044154 0.043112 0.035712 0.037551 0.024468 0.031521 0.028478 0.033245 0.026443 0.018919 0.009247
-0.013392 -0.004676 -0.001762 -0.002016 -0.007927 -0.009762 -0.006476 -0.00444 -0.001634 -0.003165 0.003311 0.00616 0.01179 0.005695 0.021614 0.0262 0.023462 0.027609 0.040824 0.002211 0.043663 0.038096 0.050827 0.05965 0.059288 0.062956 0.062164 0.068535 0.065977 0.068278 0.076716 0.136542 0.149513 0.103624 0.260234 0.313109 0.415155 0.452662 0.601582 0.793945 0.74838 0.507455 0.18354 0.13498 0.095919 0.097098 0.077668 0.064478 0.049367 0.038254 0.042342 0.042492 0.039614 0.039743 0.02765 0.025332 0.028111 0.029662 0.024078 0.017681 -0.007356
-0.011624 -0.002994 -0.004086 -0.008125 -0.006832 -0.003092 -0.00822 -0.002645 -0.000576 0.006388 -0.002198 0.006022 0.00748 0.010656 0.023892 0.027081 0.029002 0.030151 0.016438 0.043646 0.028307 0.049605 0.053993 0.061777 0.058351 0.059527 0.06353 0.058117 0.062202 0.060398 0.065366 0.074869 0.08975 0.179667 0.20182 0.288557 0.316022 0.499036 0.680231 0.830232 0.838057 0.582356 0.420376 0.229176 0.117196 0.096292 0.091238 0.065031 0.050238 0.040922 0.039312 0.036797 0.03609 0.038846 0.027241 0.022067 0.019406 0.027935 0.018654 0.017102 0.003828
-0.010335 0.000148 -0.003663 -0.002006 -0.004271 -0.002648 -0.003323 -0.000393 0.004025 -0.00316 0.005878 0.001006 0.011033 0.013254 0.025465 0.021354 0.030646 0.028355 0.032872 0.006133 0.04454 0.048886 0.059821 0.062002 0.060413 0.062319 0.066401 0.070639 0.069005 0.066281 0.070111 0.082817 0.181851 0.292995 0.406416 0.372587 0.421287 0.456823 0.649292 0.690357 0.701157 0.685048 0.440761 0.2206 0.237675 0.105569 0.097572 0.065311 0.052002 0.04318 0.043579 0.039786 0.045533 0.036858 0.030703 0.028477 0.025031 0.019324 0.023121 0.02187 -0.007785
-0.008211 -0.001749 -0.001687 0.00059 -0.002418 -0.001374 -0.004675 0.001588 0.001325 0.00176 0.002168 0.005753 0.011928 0.014587 0.027461 0.024548 0.023458 0.023734 0.029572 0.033016 0.043969 0.051738 0.064973 0.064406 0.063994 0.071136 0.066104 0.071404 0.070336 0.072569 0.090417 0.184057 0.283741 0.410417 0.52172 0.541747 0.468519 0.55626 0.565932 0.631349 0.703121 0.628228 0.303802 0.986947 0.022935 0.139124 0.066177 0.086343 0.058871 0.055471 0.04228 0.051658 0.042314 0.041166 0.036366 0.030717 0.021413 0.029798 0.005717 0.009902 0.032076
-0.004066 9.2e-005 0.00374 -6.3e-005 0.002846 -0.001458 -0.001811 0.003361 0.002025 0.000453 -0.000554 0.000878 0.010026 0.01863 0.02755 0.028483 0.029385 0.028513 0.035536 0.028131 0.050398 0.044615 0.064289 0.07122 0.076514 0.074017 0.075252 0.076478 0.070258 0.087283 0.254962 0.302204 0.425271 0.525432 0.556093 0.56592 0.564968 0.581688 0.570026 0.696228 0.822145 0.766283 0.542944 0.107346 0.901611 0.837769 0.954682 0.078743 0.08011 0.056644 0.059 0.06055 0.062335 0.05246 0.044294 0.042557 0.032998 0.011913 0.028352 0.102149 0.043976
-0.00438 0.000855 -0.005861 0.004397 0.003654 0.000753 -0.000864 0.005797 0.000639 0.013205 0.013734 0.004914 0.016974 0.021658 0.032184 0.030717 0.030476 0.032087 0.023014 0.046461 0.039907 0.058311 0.079814 0.16947 0.17371 0.085971 0.081832 0.071125 0.075599 0.17345 0.294859 0.491302 0.534327 0.550621 0.568836 0.577325 0.608425 0.633998 0.637694 0.767771 0.917701 0.906207 0.716953 0.006313 0.277125 0.293565 0.363019 0.193812 0.095973 0.076048 0.083131 0.066039 0.071286 0.100538 0.062493 0.048171 0.049153 0.029986 0.09383 0.068387 0.147489
-0.004973 0.003367 0.000823 0.003277 0.004688 0.002025 0.005333 0.003824 0.013815 0.021642 0.015634 0.011286 0.015139 0.025483 0.033284 0.031029 0.035575 0.028908 0.036526 0.049529 0.048613 0.062234 0.163237 0.250434 0.202487 0.198403 0.105091 0.088606 0.094349 0.190853 0.384903 0.519756 0.559546 0.560695 0.564615 0.580042 0.661934 0.727086 0.824432 0.860029 0.94014 0.792262 0.592538 0.424896 0.275325 0.375708 0.42047 0.332006 0.157078 0.098953 0.051251 1.372768 1.496162 0.117425 0.091519 0.07349 0.006315 0.117669 0.071431 0.232054 0.141437
0.003241 0.00882 0.0037 0.004272 0.004885 0.005499 0.00537 0.004707 0.001786 0.01689 0.013658 0.025503 0.023642 0.03327 0.031552 0.028502 0.023951 0.041563 0.029211 0.04738 0.051229 0.075944 0.169751 0.187741 0.297996 0.21154 0.191729 0.113431 0.113008 0.205246 0.398879 0.521165 0.548078 0.485814 0.474479 0.488762 0.651728 0.855642 0.898429 0.878921 0.93359 0.686919 0.444645 0.366763 0.411049 0.385149 0.525814 0.273294 0.195155 -0.012059 1.35884 1.386697 0.183859 0.160824 0.116219 -0.046031 0.875719 0.070002 0.27819 -0.425403 0.920057
0.005866 0.01252 0.005883 0.007032 0.007318 0.007008 0.011922 0.005223 0.005747 0.008562 0.011437 0.020486 0.0278 0.031178 -0.053941 -0.070041 0.041179 0.012326 0.057534 0.06426 0.073865 0.075931 0.112559 0.223209 0.287786 0.301687 0.309735 0.313392 0.221 0.293886 0.344367 0.433431 0.384324 0.348196 0.250288 0.323576 0.4656 0.759289 0.669854 0.717074 0.614162 0.534364 0.43906 0.441939 0.549906 0.764062 0.521851 0.388406 0.138489 0.143658 0.154625 0.801524 0.934238 0.32013 0.19784 0.13071 0.10824 0.303282 0.254859 -0.201303 0.016968
0.003636 0.009423 0.009464 0.007215 0.006281 0.011305 0.014245 0.008038 0.00313 0.01156 0.006462 0.021492 0.017803 -0.020686 0.554386 0.397378 -0.21663 0.063895 0.047057 0.072087 0.069989 0.096546 0.115581 0.3007 0.239423 0.403049 0.507374 0.334117 0.330857 0.262694 0.38928 0.286448 0.267262 0.184885 0.176497 0.234815 0.325992 0.396815 0.442755 0.270601 0.430526 0.367713 0.360033 0.381329 0.540182 0.405256 0.318797 0.147393 0.159521 0.249865 0.286459 0.377945 0.389314 0.366072 0.291293 0.310008 0.263394 0.247978 0.209276 0.132779 0.120452
0.012642 0.015605 0.004081 0.00763 0.005988 0.005915 0.009025 0.010753 0.00767 0.008725 0.012693 0.014772 0.067346 -0.067413 -0.299417 0.516863 0.678773 -0.006599 0.088436 0.08205 0.110676 0.209061 0.241568 0.259614 0.418252 0.434513 0.295363 0.32322 0.206238 0.239217 0.26627 0.30826 0.198401 0.190072 0.287732 0.250343 0.236062 0.226405 0.159018 0.223517 0.259546 0.342226 0.35329 0.419839 0.319591 0.293204 0.247524 0.218329 0.284056 0.353654 0.29853 0.258303 0.252847 0.28157 0.330947 0.274067 0.245529 0.208103 0.084878 0.070012 0.133477
