documents/v00120151106_d01_ECHAM5_R3_Chg_2036_tasmean3hrly_degC_DJF_LUChg_1km_1-3pm.asc
ncols         100
nrows         100
xllcorner     265500
yllcorner     6192500
cellsize      1000
NODATA_value  -9999
[rows 27 to 53 of 100, columns 0 to 60 of 100]
0.020259 0.023892 0.011468 0.021577 0.017598 0.014519 0.014995 0.008952 0.008032 0.012479 0.014881 0.030122 -0.06782 0.485471 0.487862 0.508762 -0.304519 0.258913 0.203725 0.115317 0.242418 0.01745 0.325317 0.405907 0.35145 0.361317 0.438643 0.277598 0.193833 0.15381 0.265283 0.21623 0.193992 0.19454 0.294426 0.342085 0.153024 0.108505 0.153016 0.128063 0.142042 0.195415 0.252656 0.209989 0.294124 0.254624 0.196386 0.186762 0.225537 0.222717 0.164251 0.042164 0.018177 0.055352 0.057021 0.053259 0.053063 0.070037 0.05481 -0.015288 0.004317
0.018214 0.019201 0.01673 0.01395 0.012347 0.01322 0.014352 0.00454 0.006915 0.014381 0.018963 0.023198 -0.052717 0.612146 -0.131542 -0.018661 0.209241 0.25905 0.225373 0.17377 0.113008 0.279616 0.297275 0.356481 0.469156 0.489127 0.439767 0.404569 0.173746 0.101365 0.150204 0.169608 0.126725 0.200341 0.290347 0.289362 0.135664 0.20527 0.213317 0.229897 0.14641 0.275593 0.292892 0.252627 0.273045 0.306794 0.20081 0.133659 0.175259 0.173989 0.116434 -0.077706 0.009817 -0.019135 -0.011323 0.035421 0.086093 0.12764 0.157616 0.043392 -0.011738
0.018929 0.023622 0.018466 0.024894 0.012601 0.013931 0.010743 0.013413 0.012235 0.016807 0.016828 0.027984 0.029492 -0.038574 0.076463 0.077796 0.01496 0.153286 0.164735 0.209056 0.177315 0.206275 0.243278 0.383161 0.499333 0.331474 0.355476 0.250368 0.280656 0.179204 0.121333 0.103116 0.140042 0.195447 0.248997 0.177455 0.123399 0.185323 0.303246 0.212471 0.17786 0.325307 0.292825 0.299259 0.26423 0.249513 0.18445 0.223897 0.215296 0.216082 0.652661 1.293974 -0.11273 -0.005225 0.080008 0.151296 0.199042 0.180571 0.109243 0.049021 0.004743
0.018307 0.019947 0.015413 0.012479 0.021947 0.009974 0.013751 0.007947 0.01741 0.018357 0.020757 0.026939 0.032201 0.043389 0.060468 -0.042357 0.692249 -0.0855 0.253029 0.036373 0.418206 0.320825 0.32964 0.334325 0.180119 0.28318 0.243751 0.405765 0.371095 0.299563 0.178659 0.172267 0.197796 0.330751 0.231778 0.16082 0.088569 0.130765 0.137188 0.152418 0.159823 0.21596 0.287087 0.217558 0.205704 0.111376 0.128696 0.153765 0.21972 0.105849 0.09614 -0.100066 0.053918 0.109077 0.11359 0.207646 0.206116 0.098307 0.025661 -0.059519 -0.061397
0.022939 0.016519 0.019937 0.018013 0.025614 0.010463 0.015201 0.012143 0.023437 0.027323 0.024958 0.029138 0.034053 0.032728 0.042997 0.042296 -0.036489 0.044677 0.155981 0.412815 0.423897 0.369172 0.259143 0.252476 0.21718 0.205212 0.198865 0.240108 0.292556 0.29477 0.245664 0.178101 0.195574 0.267638 0.222693 0.100132 0.06936 0.04136 0.050108 0.083413 0.095746 0.152741 0.168648 0.247259 0.191802 0.190056 0.100389 0.210886 0.102381 0.183 0.05895 0.099085 0.09223 -0.259056 0.127952 0.169119 0.164143 0.049228 -0.030683 -0.059437 -0.108825
0.02177 0.018529 0.014902 0.016648 0.02086 0.020402 0.019765 0.013971 0.013958 0.021206 0.027656 0.023862 0.035444 0.039746 0.032415 0.038246 0.034415 0.051267 0.129249 0.157101 0.305243 0.253754 0.178151 0.109455 0.098317 0.09864 0.097114 0.099172 0.159783 0.21569 0.230534 0.285315 0.220881 0.208553 0.150238 0.076481 0.059516 0.019902 0.03159 0.027296 0.069349 0.130495 0.091127 0.189733 0.132638 0.071712 0.101402 0.048331 0.185815 0.127079 0.10804 0.061635 0.04241 0.068556 0.117828 0.163299 0.202878 0.059979 -0.041738 -0.056995 0.019392
0.02259 0.022791 0.01864 0.021275 0.01891 0.015873 0.012368 0.01527 0.015624 0.018683 0.023291 0.02482 0.024698 0.032362 0.033952 0.040489 0.033765 0.042347 0.007119 0.894765 0.123593 0.189058 0.095677 0.084571 0.078997 0.075796 0.071989 0.074984 0.070563 0.09478 0.205254 0.215175 0.155534 0.110005 0.043421 0.041167 0.042537 0.045116 0.018738 0.013712 0.104341 0.079746 0.103947 0.013402 0.063638 0.024825 0.017362 0.083646 0.119976 0.169275 0.049384 0.043127 -0.008796 0.051013 0.141537 0.204206 0.258638 0.139995 0.011095 -0.016217 -0.03991
0.026791 0.022566 0.018608 0.020672 0.023431 0.026897 0.026844 0.021466 0.014606 0.016042 0.016778 0.018365 0.028034 0.027206 0.034574 0.031198 0.046394 0.050034 0.139772 -0.070325 0.140341 0.008048 0.153246 0.068905 0.067664 0.072556 0.069312 0.072421 0.061828 0.078799 0.077437 0.134431 0.086918 0.055405 0.048362 0.047407 0.072235 0.053188 0.019944 0.006844 0.045233 0.130643 -0.010426 0.454556 -0.059474 0.019976 0.024426 0.021794 0.068688 0.071323 -0.013796 0.025958 0.016254 0.042646 0.089741 0.207669 0.158884 -0.238743 0.016608 -0.064317 -0.034296
0.024942 0.022407 0.019648 0.018302 0.018349 0.016804 0.019384 0.019672 0.016431 0.018362 0.018048 0.013579 0.012519 0.02464 0.03013 0.032349 0.03722 0.038124 0.148394 0.067265 0.06936 0.23813 0.075587 0.060825 0.051222 0.063836 0.06209 0.064632 0.038778 0.041799 0.043696 0.072291 0.066608 0.046765 0.031548 0.030503 0.019259 0.030966 0.003545 0.020325 0.001542 0.054852 0.000294 -0.054995 0.032754 0.014347 0.016164 0.023034 0.023876 0.019019 0.350775 0.075532 -0.039656 -0.014066 0.025455 0.085569 0.113611 -0.033212 -0.088011 -0.072976 -0.03487
0.024021 0.019429 0.02368 0.016474 0.012743 0.013884 0.015479 0.017442 0.012204 0.014431 0.01891 0.015608 0.01531 0.012878 0.016503 0.022471 0.032915 0.046328 0.039601 0.128836 0.141196 0.06641 0.05677 0.049791 0.04619 0.049259 0.061243 0.069008 0.034632 0.03491 0.035376 0.069132 0.077881 0.060847 0.069971 0.063884 0.059627 0.061434 0.003571 0.006778 0.009743 0.028296 -0.007225 0.020243 0.007061 0.019439 0.021124 0.027069 0.140344 0.064481 0.117844 -0.374984 -0.01996 -0.112868 0.471021 0.093317 -0.240876 0.094376 0.003241 -0.046844 -0.044032
0.023503 0.020426 0.02354 0.02005 0.020254 0.017423 0.013466 0.012854 0.012624 0.011159 0.013966 0.010749 0.013889 0.013175 0.021672 0.023611 0.019905 0.025553 0.036844 0.043132 0.043389 0.043796 0.039553 0.04191 0.051611 0.057706 0.056135 0.071069 0.073677 0.073585 0.063828 0.074815 0.069646 0.07037 0.066468 0.066669 0.060706 0.061886 0.016307 0.005921 -0.014571 0.043865 -0.059198 0.011841 -0.015548 -0.012709 0.032286 0.105214 -0.245114 0.226063 -0.303196 0.080807 -0.052725 -0.049201 -0.428413 0.151802 0.234106 0.002407 -0.100532 0.021685 -0.077431
0.024587 0.027362 0.023918 0.020696 0.016198 0.019116 0.014317 0.007513 0.006034 0.013288 0.01023 0.016675 0.013034 0.013799 0.013915 0.0215 0.024825 0.035587 0.032378 0.026696 0.033212 0.037788 0.041262 0.045 0.047923 0.052585 0.05613 0.041807 0.046164 0.064251 0.071643 0.070857 0.067489 0.073 0.071603 0.063653 0.055177 0.064579 0.023413 0.039841 0.143698 0.018138 0.555561 -0.04069 0.015831 0.004135 0.048929 0.120532 -0.240553 0.098606 0.071802 -0.015127 -0.011804 -0.044831 0.028354 0.039283 0.791828 0.148008 -0.001365 -0.139487 0.009714
0.026063 0.024127 0.026884 0.023426 0.017339 0.017003 0.011603 0.015169 0.012526 0.015947 0.01286 0.019048 0.012135 0.009275 0.015021 0.017627 0.034598 0.020323 0.033669 0.024048 0.032439 0.038942 0.047548 0.044921 0.049336 0.058685 0.053981 0.053606 0.047825 0.045196 0.072053 0.072008 0.073632 0.068791 0.063749 0.064315 0.053019 0.079511 0.069841 0.226746 -0.042746 0.203847 0.00113 0.051278 0.051423 0.063135 0.080669 0.081167 0.165892 0.029294 -0.009815 -0.023661 -0.042934 0.076836 5.3e-005 0.200362 0.827889 0.216688 -0.040146 -0.118079 -0.046452
0.02518 0.029839 0.020627 0.016989 0.021003 0.021614 0.01596 0.018198 0.013175 0.018246 0.018881 0.020138 0.019378 0.011942 0.017598 0.019595 0.029706 0.030283 0.031444 0.025667 0.030931 0.040093 0.050825 0.047733 0.054071 0.05668 0.057696 0.040696 0.036368 0.056823 0.068151 0.067852 0.067212 0.060937 0.064873 0.06081 0.02923 0.074259 0.200722 0.17559 0.290521 0.146598 0.088095 0.114738 0.069852 0.12232 0.220751 0.221323 0.150389 0.075683 -0.031201 -0.033683 0.014066 -0.428929 0.102288 0.085206 -0.0605 -0.203696 0.095479 -0.021026 -0.121011
0.026106 0.029989 0.028741 0.02023 0.023487 0.017156 0.019894 0.010204 0.013966 0.020939 0.028794 0.030442 0.028593 0.018188 0.01078 0.009193 0.028159 0.022923 0.029796 0.025418 0.032915 0.042296 0.050455 0.05145 0.052577 0.054185 0.061532 0.066751 0.069146 0.068627 0.069291 0.065553 0.067275 0.067439 0.065495 0.073735 0.02131 0.10986 0.218317 0.358413 0.290892 0.273563 0.204302 0.129296 0.129489 0.134161 0.173884 0.179336 0.072757 0.05186 -0.015265 -0.054241 -0.125471 0.299516 -0.072397 0.097513 0.118484 0.258143 -0.171458 -0.253286 -0.029955
0.018603 0.021632 0.020611 0.015603 0.020214 0.019106 0.017495 0.017579 0.027622 0.025444 -0.004627 -0.009392 -0.00682 0.015667 0.008466 0.021487 -0.002222 0.026791 0.024267 0.029955 0.032093 0.039971 0.05381 0.061516 0.062119 0.062098 0.062992 0.060558 0.062698 0.070291 0.07545 0.077148 0.078611 0.069476 0.075791 0.052526 0.068627 0.171759 0.351545 0.380476 0.418661 0.290511 0.188548 0.437746 0.194616 0.167111 0.283601 0.116683 0.087712 0.038802 0.000138 0.019709 -0.128503 0.24131 -0.086066 -0.014082 0.020717 0.151476 -0.094429 -0.189714 -0.018854
0.015651 0.019479 0.015209 0.014455 0.011296 0.017489 0.016013 0.005479 0.001079 -0.010164 0.029489 0.029963 0.037373 -0.00837 0.019013 0.004746 0.015029 0.017302 0.021741 0.023349 0.031608 0.04359 0.058209 0.060058 0.062376 0.065598 0.065791 0.071995 0.077476 0.094783 0.172585 0.113688 0.100786 0.090103 0.09154 0.152862 0.109466 0.203817 0.351407 0.379659 0.351172 0.243672 0.38628 -0.757479 0.040733 0.261757 0.159534 0.247106 0.147971 0.195833 0.164053 0.045159 -0.009741 -0.163823 -0.059074 -0.062172 0.001857 0.123421 -0.200571 -0.230492 0.066817
0.011333 0.011209 0.006651 0.002735 0.006892 0.021296 0.005802 0.017979 0.026815 0.007831 -0.031765 -0.016066 -0.002889 -0.000127 0.020487 0.008892 0.016664 0.014336 0.019344 0.035183 0.03213 0.031881 0.053577 0.062056 0.059741 0.071651 0.086294 0.17087 0.198926 0.277749 0.123807 0.296175 0.214304 0.134222 0.216675 0.201 0.296196 0.204765 0.243241 0.29881 0.203897 0.141492 0.085429 0.355892 0.09278 0.04546 0.094074 0.587944 0.822082 -0.074714 0.208262 0.120563 -0.022667 -0.025497 -0.41932 0.08891 0.622016 0.068918 0.113857 0.025849 -0.022214
0.013545 0.00223 0.004608 0.002206 0.010368 0.02336 0.006103 0.019725 -0.018119 0.026095 0.002233 0.024386 0.027648 0.010616 0.013876 0.016542 0.008704 0.024407 0.027312 -0.003357 0.005683 0.032474 0.024783 0.064825 0.08055 0.172519 0.266942 0.187005 0.271601 0.297294 0.368452 0.304235 0.246548 0.32945 0.456989 0.478304 0.388989 0.243664 0.18618 0.109164 0.136352 0.074042 0.060106 0.033728 0.005746 -0.022198 -0.062296 0.500783 0.088153 0.227913 0.082024 0.000339 -0.026815 -0.059929 0.009884 0.034643 0.61477 0.109344 -0.356958 0.018278 -0.042415
-0.003762 -0.008164 -0.007847 -0.00741 -0.007204 -0.001063 0.002045 0.014775 -0.005209 0.000175 0.00723 0.020185 0.014061 0.007325 0.018116 0.001505 0.022238 0.025103 0.01555 0.031722 0.047251 -0.031455 0.049979 0.038577 0.230622 0.164341 0.259952 0.349799 0.378026 0.364492 0.366159 0.413172 0.396447 0.376349 0.379087 0.561884 0.452495 0.306976 0.132725 0.161526 0.142241 0.133765 0.118672 0.015098 -0.019034 -0.024749 -0.002817 -0.061016 0.028857 -0.006714 0.012667 -0.023505 0.007519 -0.051611 -0.048024 0.022003 0.039056 -0.04168 0.00669 -0.098169 -0.03573
-0.014513 -0.018116 -0.020426 -0.020024 0.033728 0.042802 0.014857 0.03196 0.026817 0.028884 0.026251 0.008741 0.025278 0.008458 0.004825 0.040788 -0.004272 0.024071 0.026577 0.007741 -0.007648 0.035635 0.010757 0.136709 0.133405 0.238111 0.270929 0.286481 0.299204 0.317892 0.397368 0.415185 0.418669 0.259349 0.381431 0.38169 0.434566 0.242378 0.199931 0.201325 0.264751 0.265193 -0.134997 0.11486 0.078921 0.059228 0.068013 -0.017439 -0.045175 -0.032429 -0.014915 0.033693 -0.395008 0.004844 0.007119 -0.265034 -0.338648 0.001664 -0.072206 -0.080315 -0.031336
-0.004397 -0.012601 -0.018323 0.03632 0.026847 0.001635 0.028341 0.029989 0.027344 0.024952 0.020008 0.030169 0.000426 0.026741 0.029095 -0.003045 0.043011 0.010878 0.027373 0.023995 0.041728 0.011421 0.054283 0.234169 0.167566 0.385111 0.262772 0.235114 0.225815 0.312042 0.330778 0.427585 0.351405 0.324913 0.189913 0.368294 0.421476 0.212468 0.130267 0.151854 0.204754 0.317857 -0.119624 0.134074 0.128569 0.187672 0.147106 0.053466 -0.022328 -0.049743 -0.053582 -0.050878 0.010526 -0.055114 0.003074 -0.338648 0.058114 -0.090931 -0.093468 -0.046257 -0.000646
0.004386 -0.001481 0.042233 0.022296 0.018474 0.036796 0.032267 0.028153 0.026556 0.021659 0.021804 0.016735 0.029093 0.02477 0.021045 0.05004 0.011235 0.034857 0.021548 0.022521 0.013294 0.041608 0.218238 0.159804 0.318407 0.216899 0.306661 0.144111 0.123399 0.239474 0.392503 0.513214 0.415714 0.273193 0.298616 0.416397 0.479161 0.342368 0.200378 0.175317 0.263815 0.246923 0.334717 0.100341 0.085212 0.132836 0.087251 0.055788 0.026593 -0.045093 -0.038299 -0.042646 -0.057217 -0.085455 -0.067807 -0.045852 -0.090119 -0.118484 -0.130743 -0.112812 -0.043868
0.057651 0.065122 0.064693 0.074976 0.033175 0.041757 0.034005 0.028066 0.021648 0.023085 0.023643 0.026132 0.022854 0.023857 0.03155 0.007251 0.030749 0.032429 0.026468 0.029434 0.034413 0.130405 0.119336 0.3115 0.356243 0.350204 0.008894 0.097635 0.289225 0.469471 0.564751 0.705254 0.570161 0.370265 0.334526 0.450841 0.679066 0.424108 0.454751 0.393296 0.245857 0.167124 0.119175 0.036794 0.038844 0.009357 0.037225 0.062198 0.078587 0.031606 -0.021217 0.004386 -0.050127 -0.063381 -0.061611 -0.086034 -0.091476 -0.110323 -0.12019 -0.116553 -0.107212
0.076188 0.023582 0.016712 0.01541 0.013643 0.027156 0.026698 0.026664 0.02314 0.023786 0.025246 0.024376 0.023452 0.029246 0.031508 0.032796 0.040452 0.015995 0.030786 0.034008 0.028349 0.151778 0.210095 0.332167 0.361177 0.155534 0.782474 0.867667 0.259487 0.592542 0.768968 0.776463 0.630611 0.395206 0.295831 0.574479 0.567286 0.556754 0.446003 0.323947 0.251915 0.073286 0.024897 0.005574 -0.022685 -0.039868 -0.048921 0.029492 0.070958 0.025693 -0.000183 0.013479 0.020746 0.009291 -0.062653 -0.102659 -0.129794 -0.129026 -0.121765 -0.135082 -0.126429
0.008177 0.008643 0.015944 0.008937 0.014468 0.019066 0.020624 0.023434 0.017643 0.01887 0.027611 0.026188 0.028286 0.031331 0.028444 0.031434 0.016463 0.034571 0.032648 0.032918 0.055757 0.126611 0.210423 0.323082 0.359831 0.17236 0.895063 0.021563 0.587775 0.740513 0.766831 0.644085 0.551619 0.521045 0.19378 0.372196 0.589048 0.526394 0.475394 0.322656 0.192659 0.059399 -0.00204 0.000913 -0.002093 -0.057323 -0.078193 -0.053913 0.014307 -0.038495 -0.045516 0.080817 0.089373 0.015093 0.051765 -0.083421 -0.101833 -0.117839 -0.055939 -0.145728 -0.162841
0.005347 -0.000206 0.003019 0.004045 0.005101 0.01431 0.018563 0.022876 0.021108 0.016794 0.024357 0.025251 0.021775 0.026389 0.024878 0.033389 0.031275 0.031947 0.042907 0.030204 0.051439 0.121024 0.0975 0.308905 0.365262 0.385582 0.186812 0.404667 0.537548 0.618981 0.497706 0.596873 0.317775 0.138847 0.39754 0.281333 0.442312 0.382148 0.380077 0.39927 0.168802 0.045643 -0.011984 -0.008487 -0.019696 -0.027 -0.075209 -0.071608 -0.072577 -0.035907 0.013323 0.214429 0.180418 0.125032 -0.01064 -0.038958 -0.097423 -0.039831 -0.066405 -0.06572 -0.134905
