documents/v00120151106_d01_ECHAM5_R3_Chg_2036_tasmean3hrly_degC_SON_LUChg_1km_1-3pm.asc
ncols         100
nrows         100
xllcorner     265500
yllcorner     6192500
cellsize      1000
NODATA_value  -9999
[rows 27 to 53 of 100, columns 0 to 60 of 100]
0.009177 0.010296 0.010932 0.004509 0.006288 0.006305 0.014474 0.008689 0.008098 0.008516 0.011723 0.024865 -0.060538 0.618736 0.632308 0.64279 -0.123115 0.285956 0.227424 0.134321 0.245415 0.241535 0.39921 0.510748 0.431014 0.411792 0.491603 0.314275 0.2209 0.190762 0.309154 0.260178 0.248385 0.256456 0.335351 0.385558 0.171318 0.139341 0.183275 0.154423 0.175564 0.225111 0.32809 0.276511 0.380558 0.319649 0.240908 0.262254 0.292529 0.299943 0.252327 0.126276 0.110521 0.169231 0.167306 0.171757 0.178331 0.134694 0.126425 0.134245 0.148023
0.008615 0.012268 0.008619 0.011196 0.009485 0.008654 0.005507 0.008378 0.006277 0.011176 0.017033 0.025594 -0.049502 0.768631 -0.088061 -0.00256 0.201308 0.257909 0.2264 0.187027 0.123913 0.309211 0.355183 0.418438 0.529492 0.547393 0.487503 0.456292 0.213915 0.135288 0.201384 0.215667 0.178465 0.257013 0.324589 0.32414 0.160233 0.256194 0.22814 0.267949 0.171136 0.334529 0.344317 0.325566 0.335139 0.367442 0.2888 0.211802 0.275309 0.272578 0.214204 0.00254 0.102896 0.090591 0.096732 0.159626 0.215713 0.245327 0.270742 0.159883 0.117416
0.004079 0.012246 0.012265 0.014018 0.008391 0.005631 0.010075 0.014812 0.011639 0.015333 0.020671 0.025314 0.03819 -0.028133 0.069157 0.067407 0.007507 0.156704 0.15507 0.21311 0.184479 0.234381 0.295877 0.439438 0.546133 0.522109 0.565013 0.461073 0.362189 0.240142 0.164771 0.150812 0.174288 0.253768 0.316355 0.219655 0.147349 0.204975 0.321843 0.216496 0.196515 0.362716 0.337935 0.381256 0.334699 0.308375 0.269817 0.291552 0.293148 0.29881 0.74229 1.356061 0.006854 0.104632 0.209949 0.247499 0.318428 0.313038 0.239889 0.190582 0.050781
0.004662 0.00636 0.008871 0.008974 0.011436 0.006728 0.008688 0.004409 0.008938 0.013646 0.021183 0.034835 0.038446 0.037789 0.054167 -0.05913 0.795413 -0.049625 0.244811 0.265514 0.463073 0.350769 0.383085 0.377124 0.35276 0.464848 0.441833 0.47182 0.412695 0.347024 0.229391 0.221754 0.257177 0.369949 0.251909 0.192381 0.115724 0.158464 0.17474 0.184486 0.188802 0.227895 0.33997 0.273633 0.261343 0.177748 0.20078 0.232671 0.330339 0.205116 0.180484 -0.006172 0.167486 0.223409 0.193424 0.321104 0.334102 0.256998 0.181177 0.078263 0.054783
0.009388 0.005987 0.012116 0.003363 0.00607 0.006914 0.010859 0.004014 0.017734 0.017795 0.023118 0.033693 0.038676 0.032219 0.034585 0.033416 -0.025576 0.051137 0.15619 0.42756 0.43613 0.391341 0.282172 0.270235 0.240033 0.233191 0.240876 0.28176 0.332953 0.325326 0.30224 0.223024 0.221771 0.312258 0.262392 0.122087 0.094855 0.069965 0.078762 0.093296 0.103231 0.177681 0.215938 0.293699 0.245995 0.280994 0.163976 0.32184 0.166827 0.290502 0.124847 0.199514 0.175677 -0.277914 0.252842 0.311797 0.285908 0.206639 0.118177 0.072925 0.007337
0.010501 0.008282 0.006646 0.007675 0.011372 0.00953 0.011349 0.007303 0.012315 0.019078 0.022196 0.028127 0.035741 0.036885 0.033425 0.034841 0.040205 0.050648 0.125143 0.161741 0.310152 0.290171 0.208584 0.139522 0.124614 0.116018 0.11555 0.123207 0.189888 0.25832 0.255645 0.311038 0.270795 0.238105 0.184186 0.100453 0.07724 0.04702 0.036247 0.035796 0.085773 0.147326 0.120994 0.241233 0.196815 0.137428 0.175885 0.128566 0.282521 0.192823 0.222903 0.080325 0.143889 0.174864 0.236027 0.283136 0.330596 0.19636 0.115219 0.078975 0.145317
0.01486 0.009458 0.011442 0.013876 0.009465 0.00649 0.003522 0.010663 0.012618 0.015235 0.019854 0.029995 0.0339 0.030014 0.034111 0.037998 0.040774 0.043872 0.004669 1.013896 0.164456 0.22974 0.127656 0.11886 0.099036 0.0958 0.094405 0.097379 0.110622 0.123069 0.233654 0.230597 0.196657 0.142501 0.080288 0.06907 0.060143 0.064661 0.020461 0.024841 0.108069 0.065198 0.123019 0.019994 0.111947 0.086848 0.086779 0.149388 0.16973 0.2214 0.13582 0.138455 0.091634 0.152933 0.239818 0.327615 0.381139 0.270639 0.154583 0.109731 0.051963
0.006932 0.012581 0.007811 0.012214 0.010127 0.013301 0.010602 0.01129 0.016229 0.022317 0.023477 0.028706 0.030259 0.033184 0.030595 0.036435 0.046731 0.045928 0.146951 0.130375 0.353882 0.22014 0.211986 0.110459 0.094919 0.091431 0.085545 0.090741 0.091725 0.107395 0.103882 0.156395 0.103379 0.081998 0.076337 0.068519 0.060935 0.058689 0.013035 -0.001417 0.019546 0.088579 -0.036311 0.637594 -0.003679 0.075215 0.08286 0.075784 0.139902 0.14447 0.06486 0.08635 0.089934 0.14359 0.184282 0.337712 0.275364 -0.230992 0.139731 0.050503 0.070963
0.009988 0.012022 0.008234 0.011005 0.009423 0.007556 0.007198 0.012773 0.01083 0.01193 0.018843 0.031278 0.030959 0.030522 0.035035 0.034374 0.03911 0.043992 0.153167 0.246519 0.278252 0.285327 0.119327 0.092546 0.091355 0.088614 0.082031 0.083355 0.07328 0.07003 0.062869 0.080392 0.075191 0.070017 0.055536 0.051462 0.045805 0.037474 -0.004038 0.033168 -0.020299 0.016772 0.020352 -0.024712 0.06811 0.061749 0.064216 0.079397 0.067002 0.088419 0.554141 0.156953 0.020423 0.080718 0.139618 0.173086 0.202843 0.075466 0.021184 0.031822 0.072577
0.009123 0.01418 0.014772 0.01528 0.009953 0.010014 0.00775 0.009208 0.006928 0.010369 0.016591 0.028341 0.028668 0.033288 0.036971 0.036637 0.034968 0.045973 0.051487 0.156012 0.169131 0.103295 0.088657 0.084429 0.08387 0.081127 0.078081 0.078589 0.063528 0.058481 0.052367 0.067311 0.075043 0.069557 0.073846 0.076327 0.063663 0.056784 0.00754 0.039921 0.036374 -0.00125 0.009637 0.039303 0.03165 0.056008 0.050655 0.058315 0.186249 0.082005 0.15975 -0.46507 0.038645 -0.048449 0.731859 0.174963 -0.261921 0.125804 0.044257 0.047038 0.033033
0.007036 0.007613 0.016044 0.011657 0.014773 0.006765 0.006004 0.005388 0.01 0.011035 0.018326 0.028152 0.028465 0.033747 0.034413 0.040121 0.036406 0.040047 0.046412 0.059541 0.070515 0.072427 0.079838 0.079649 0.077774 0.077864 0.073754 0.081323 0.077821 0.077848 0.079182 0.074177 0.071152 0.069007 0.074231 0.068767 0.069108 0.059852 0.02974 0.008286 -0.008139 0.061633 -0.015829 0.034626 0.026496 0.023171 0.060861 0.129605 -0.346866 0.276908 -0.401403 0.090746 0.000662 0.021481 -0.470627 0.160474 0.276832 0.104624 -0.000502 0.073901 0.019503
0.009797 0.007563 0.011634 0.00963 0.011493 0.010361 0.00627 0.007808 0.012513 0.011652 0.015139 0.02941 0.030983 0.034117 0.030041 0.034114 0.026816 0.044581 0.046471 0.056838 0.060636 0.064385 0.069474 0.070744 0.070688 0.077557 0.071489 0.052262 0.050068 0.069834 0.076646 0.075613 0.069756 0.069194 0.074051 0.074527 0.078432 0.064207 0.043142 0.051441 0.155624 0.025286 0.78427 0.011516 0.049638 0.047452 0.086476 0.155529 -0.334839 0.129274 0.139841 0.044853 0.051847 0.010775 0.101171 0.115049 0.825338 0.252879 0.124263 -0.04803 0.047423
0.007857 0.01014 0.009203 0.016276 0.015847 0.011473 0.013704 0.005676 0.012251 0.011803 0.02002 0.028098 0.025955 0.033855 0.029723 0.026118 0.033773 0.033295 0.043109 0.052355 0.053771 0.064836 0.067164 0.069127 0.072349 0.075329 0.067981 0.062024 0.063694 0.055368 0.072918 0.082428 0.078302 0.076405 0.075379 0.082361 0.070227 0.080608 0.096207 0.237713 0.211039 0.264386 0.056258 0.106967 0.096599 0.107907 0.108639 0.111278 0.227699 0.086919 0.056637 0.050214 0.049528 0.180569 0.066969 0.314458 0.867133 0.350877 0.076237 -0.01913 0.004599
0.01413 0.012741 0.013485 0.012461 0.015769 0.009553 0.009853 0.010362 0.008033 0.013501 0.020109 0.027983 0.033294 0.030793 0.030859 0.034311 0.030097 0.032993 0.043449 0.051467 0.055918 0.061324 0.062889 0.067366 0.07137 0.079231 0.07389 0.050303 0.050539 0.065768 0.076515 0.081643 0.078763 0.079984 0.080205 0.081449 0.055958 0.077431 0.218384 0.167795 0.323716 0.191159 0.132585 0.163535 0.115504 0.175963 0.253974 0.267673 0.190476 0.153943 0.035903 0.051654 0.11489 -0.457808 0.203944 0.158048 -0.063781 -0.222703 0.203743 0.078056 -0.032988
0.01001 0.013711 0.015391 0.014443 0.00884 0.010748 0.004403 0.009352 0.008369 0.01783 0.026317 0.040984 0.043072 0.029827 0.029454 0.022084 0.04068 0.029891 0.045268 0.052547 0.058018 0.056848 0.06155 0.067287 0.06945 0.067915 0.073889 0.081152 0.079878 0.075252 0.079557 0.077875 0.080276 0.08099 0.088492 0.083067 0.055607 0.119883 0.223324 0.390415 0.316257 0.297918 0.255881 0.150602 0.183939 0.184634 0.216418 0.225703 0.145815 0.14652 0.065428 0.044581 -0.020651 0.552079 -0.024924 0.141085 0.194397 0.334658 -0.198086 -0.284137 0.063201
0.008249 0.01073 0.010594 0.010792 0.006394 0.008047 0.008409 0.008401 0.016778 0.018149 0.004373 -0.002366 0.005222 0.020006 0.025284 0.034055 0.016708 0.042343 0.046529 0.05194 0.058524 0.056125 0.060108 0.068259 0.065619 0.071442 0.077644 0.075483 0.077417 0.078418 0.087769 0.085391 0.087154 0.085609 0.085734 0.071918 0.083565 0.19528 0.364171 0.392354 0.444373 0.322671 0.231265 0.531734 0.244774 0.196882 0.360885 0.176777 0.166524 0.105775 0.074533 0.112685 -0.00138 0.515474 -0.028173 0.034478 0.104562 0.220906 -0.146585 -0.244855 0.095097
0.006063 0.003969 0.006705 0.004452 0.001514 0.002277 0.002643 -0.009459 -0.004694 -0.017578 0.034185 0.014951 0.038197 0.000763 0.024728 0.02421 0.0364 0.042755 0.050626 0.053933 0.059728 0.059429 0.06493 0.065491 0.06899 0.071263 0.082419 0.077551 0.084671 0.104214 0.174823 0.113746 0.102053 0.099265 0.103603 0.17033 0.119352 0.219863 0.364892 0.397147 0.377363 0.279164 0.483838 -0.97511 -0.033249 0.292283 0.19799 0.318933 0.233631 0.298063 0.268499 0.151762 0.105356 -0.018603 0.043465 0.031815 0.085434 0.211723 -0.243594 -0.276318 0.160201
0.001515 -0.009761 -0.00317 -0.008852 -0.006704 0.001438 -0.006798 0.038949 -0.000735 0.015227 -0.042665 -0.01633 -0.000625 0.009918 0.02767 0.026606 0.033299 0.040976 0.054485 0.060888 0.057737 0.059106 0.065625 0.06503 0.06971 0.079093 0.100511 0.183358 0.199024 0.280621 0.24605 0.305227 0.215155 0.136762 0.213824 0.338853 0.330832 0.243638 0.259318 0.346988 0.22414 0.170529 0.102384 0.435477 0.13832 0.068446 0.139771 0.729631 0.970265 -0.102777 0.295999 0.25286 0.125491 0.104778 -0.413974 0.196563 0.739362 0.16528 0.212219 0.125479 0.077483
-0.005609 -0.011331 -0.010424 -0.010448 -0.006395 0.00849 -0.006325 0.034671 -0.00928 0.002994 -0.012223 0.026314 0.027848 0.01789 0.021558 0.033157 0.035925 0.041719 0.055988 0.033679 0.030707 0.05481 0.04648 0.074339 0.078658 0.173066 0.278306 0.309851 0.41871 0.443325 0.522616 0.46162 0.386766 0.33883 0.442619 0.598611 0.562153 0.317057 0.23752 0.161321 0.168269 0.08419 0.088473 0.054939 0.017718 0.01909 -0.013532 0.710448 0.157589 0.321257 0.178963 0.114579 0.10267 0.086935 0.130538 0.139952 0.730639 0.219624 -0.390017 0.113804 0.028643
-0.014323 -0.015714 -0.020329 -0.017987 -0.023779 -0.013895 -0.004179 -0.012232 -0.017738 -0.010412 0.00849 0.024357 0.018478 0.017281 0.032213 0.029145 0.043448 0.04694 0.041969 0.056747 0.058194 0.013864 0.07524 0.064103 0.237354 0.282153 0.39707 0.499685 0.538624 0.526253 0.53947 0.573757 0.564552 0.531685 0.518259 0.72626 0.630216 0.387079 0.202211 0.205308 0.183392 0.156714 0.147932 0.027137 0.003722 0.000642 0.050442 0.011627 0.114325 0.066681 0.09653 0.087725 0.139329 0.059231 0.059692 0.120367 0.121323 0.046864 0.099606 -0.003411 0.060326
-0.027367 -0.029628 -0.032296 -0.042048 0.01416 0.016004 -0.000676 0.015557 0.018749 0.016153 0.02202 0.014239 0.029842 0.015368 0.021317 0.042418 0.021135 0.049697 0.053713 0.029079 0.022447 0.059559 0.047921 0.162204 0.264246 0.38265 0.424452 0.441625 0.453523 0.482552 0.559399 0.577705 0.577613 0.431418 0.427535 0.413104 0.457755 0.293808 0.250059 0.235718 0.274894 0.276674 -0.250185 0.136062 0.099519 0.098194 0.120106 0.041999 0.031508 0.035955 0.071857 0.138712 -0.385799 0.111501 0.10406 -0.282842 -0.373817 0.076384 0.010573 0.004664 0.054041
-0.019563 -0.024361 -0.039428 0.02728 0.021536 -0.023342 0.003895 0.01183 0.006464 0.012968 0.018914 0.028093 0.005799 0.028283 0.033553 0.006922 0.04636 0.029806 0.053748 0.058116 0.069478 0.052605 0.092726 0.253692 0.299655 0.404987 0.260552 0.246626 0.244231 0.328263 0.458326 0.574448 0.507219 0.377787 0.208131 0.383613 0.433692 0.229195 0.145256 0.172651 0.233657 0.348062 -0.225222 0.130277 0.131833 0.200992 0.327097 0.134833 0.058553 0.018011 0.027726 0.050321 0.118455 0.040577 0.110803 -0.361262 0.143404 -0.008797 -0.017462 0.043738 0.055012
-0.007489 -0.01767 0.039225 0.031988 0.000839 0.023685 0.025155 0.014062 0.017495 0.013717 0.020092 0.013693 0.027152 0.019817 0.013522 0.037387 0.02424 0.040816 0.0408 0.053536 0.050395 0.083381 0.244738 0.29118 0.472065 0.360799 0.328884 0.159605 0.152277 0.254634 0.521719 0.660717 0.586866 0.327153 0.317088 0.561909 0.673165 0.372088 0.223284 0.188572 0.294059 0.248268 0.320086 0.098498 0.105969 0.166162 0.254851 0.138789 0.091573 0.026216 0.040295 0.048644 0.040266 0.012661 0.032595 0.044441 0.004063 -0.020947 -0.04836 -0.024062 0.029093
0.051448 0.052627 0.061679 0.047177 0.016517 0.029578 0.020723 0.013053 0.011398 0.018883 0.017557 0.013423 0.016321 0.014922 0.023568 0.004151 0.033215 0.042523 0.036769 0.047545 0.06089 0.153235 0.269983 0.470722 0.505399 0.510659 0.176251 0.139084 0.307504 0.476234 0.682102 0.853719 0.721278 0.391478 0.343908 0.596297 0.838141 0.619951 0.481166 0.402159 0.243688 0.166594 0.107568 0.021394 0.048308 0.025967 0.07167 0.062677 0.107473 0.093136 0.044945 0.081157 0.042198 0.034315 0.033541 0.011454 -0.001939 -0.015557 -0.025594 -0.026214 -0.039417
0.013416 -0.008593 0.00051 -0.002446 0.010054 0.015751 0.019011 0.017698 0.015427 0.019711 0.012765 0.010472 0.019051 0.022357 0.028109 0.024969 0.027558 0.025387 0.045047 0.045669 0.054519 0.168443 0.3533 0.489406 0.527282 0.334162 0.885143 0.960182 0.435277 0.749363 0.927419 0.946749 0.79707 0.412352 0.297554 0.546884 0.69519 0.721728 0.612628 0.508849 0.29075 0.091235 0.029069 0.015375 -0.022184 -0.032081 -0.031493 0.028705 0.092289 0.084486 0.068707 0.046027 0.085778 0.087967 0.027467 -0.015232 -0.039694 -0.044324 -0.025305 -0.052668 -0.050324
-0.012828 -0.003786 -0.000796 0.000695 0.007517 0.014896 0.017734 0.008002 0.018563 0.011388 0.013413 0.01092 0.013148 0.017152 0.022517 0.02116 0.014918 0.040965 0.041345 0.042847 0.063861 0.147667 0.354443 0.487299 0.523729 0.348471 0.957883 0.219145 0.739832 0.907892 0.943406 0.812137 0.71667 0.527744 0.334094 0.540631 0.743241 0.691487 0.629732 0.495257 0.226329 0.087102 0.004712 0.012701 -0.009535 -0.047983 -0.058731 -0.030424 0.045389 -0.001719 0.005228 0.13694 0.157318 0.050667 0.135769 -0.000747 -0.019128 -0.035191 0.041066 -0.06486 -0.083174
-0.01302 -0.007937 -0.006803 -0.002559 0.000908 0.006051 0.01229 0.01216 0.012397 0.01197 0.012436 0.012761 0.003795 0.018462 0.016719 0.024057 0.027442 0.038973 0.048258 0.044867 0.066256 0.127461 0.257956 0.475404 0.525763 0.54007 0.356889 0.558568 0.708762 0.790606 0.66089 0.608309 0.49199 0.305062 0.403483 0.430495 0.587693 0.564606 0.546082 0.420751 0.18057 0.062257 -0.013057 -0.002793 -0.02702 -0.030477 -0.040556 -0.057281 -0.045793 -0.017643 0.058129 0.334749 0.314164 0.211296 0.047606 0.042314 -0.015342 0.042056 -0.01118 0.019209 -0.062481
