documents/v00120151106_d01_ECHAM5_R3_Chg_2036_tasmean3hrly_degC_DJF_LUChg_1km_1-3pm.asc
ncols         100
nrows         100
xllcorner     265500
yllcorner     6192500
cellsize      1000
NODATA_value  -9999
[rows 54 to 80 of 100, columns 0 to 60 of 100]
-0.01077 -0.002016 -0.000222 0.004648 0.009537 0.016944 0.023135 0.022074 0.017466 0.016132 0.01927 0.017013 0.03727 0.008952 0.025357 0.024045 0.031534 0.039661 0.033124 0.059193 0.031198 0.056101 0.246196 0.245661 0.369246 0.398238 0.403466 0.425672 0.428503 0.403685 0.436243 0.204161 0.233979 0.216405 0.140746 0.225868 0.272638 0.248759 0.387354 0.354045 0.228198 -0.053296 -0.020074 -0.00272 -0.020722 -0.01946 -0.071532 -0.07491 -0.096704 -0.031743 0.075902 0.15587 0.092722 -0.032423 -0.013183 0.064603 -0.027979 -0.03136 -0.053302 -0.133561 -0.158085
-0.001511 0.001526 0.002937 0.011743 0.013373 0.016648 0.018571 0.012455 0.012854 0.014323 0.0275 0.021569 0.014077 0.031029 0.031688 0.030265 0.033847 0.040146 0.047233 0.032336 0.051312 0.058206 0.149505 0.164664 0.349122 0.395981 0.473333 0.425889 0.40996 0.257989 0.25141 0.145119 0.12005 0.107209 0.106233 0.079421 0.082683 0.214947 0.279354 0.390754 -0.147709 0.519085 -0.109016 0.005516 -0.026561 -0.044799 -0.08018 -0.088997 -0.083915 -0.019958 0.002738 0.061714 -0.043008 -0.056611 -0.025029 0.08327 0.139156 0.089566 0.087952 0.043796 -0.058505
0.008421 0.011341 0.014122 0.011098 0.013939 0.015659 0.017696 0.012164 0.012159 0.03078 -0.014532 0.038426 0.010249 0.027542 0.022738 0.030923 0.046357 0.037569 0.049103 0.045119 0.041315 0.045646 0.086008 0.332302 0.200426 0.341683 0.469497 0.522198 0.358347 0.443958 0.267958 0.226976 0.125384 0.111344 0.065743 0.061098 0.082336 0.135161 0.232971 0.09168 0.787304 -0.184762 0.004 -0.002005 0.001146 -0.055013 -0.081765 -0.059156 -0.029929 -0.010008 -0.005389 0.042783 -0.007638 -0.07077 -0.015474 0.092865 0.160791 0.137016 0.125569 -0.022931 0.050558
0.020032 0.018579 0.019381 0.022489 0.017407 0.018352 0.008434 0.01359 0.015423 0.010286 0.034257 0.01014 0.029442 0.017013 0.021968 0.040413 0.02654 0.050545 0.040058 0.05473 0.042542 0.052238 0.149656 0.06619 0.272775 0.315008 0.405638 0.539725 0.528701 0.335212 0.293852 0.184164 0.267362 0.169317 0.213085 0.081 0.136593 0.122817 0.057153 0.015177 0.668886 -0.09246 0.009669 -0.011656 -0.022132 -0.065082 -0.062712 -0.073796 -0.003828 0.021693 0.04722 0.037228 -0.014677 -0.067108 -0.015172 0.050037 0.07236 0.047442 0.023008 0.058794 -0.112881
0.0165 0.014032 0.013024 0.014886 0.015526 0.012847 0.013992 0.01186 0.010421 0.016638 0.014709 0.017537 0.023275 0.013468 0.033402 0.015627 0.052008 0.041931 0.041161 0.050042 0.04618 0.053939 0.14919 0.041407 0.172132 0.209717 0.337915 0.45655 0.575571 0.496746 0.292212 0.266368 0.197566 0.423857 -0.245439 0.217783 0.193095 0.117638 0.080521 0.063725 -0.077743 0.008325 0.011479 -0.010021 -0.071656 -0.045283 -0.061111 -0.021926 0.011079 -0.015082 -0.048897 -0.013944 -0.074198 -0.024222 0.075566 0.163172 -0.335013 -0.033653 -0.033238 -0.100693 -0.102373
0.005458 0.012651 0.008984 0.010749 0.015603 0.011913 0.012926 0.017214 0.015161 0.014981 0.025426 0.027823 0.022556 0.035828 0.019669 0.034738 0.029193 0.037183 0.049749 0.049111 0.051619 0.05354 0.070484 0.161429 0.098442 0.182011 0.060251 0.384526 0.346399 0.316537 0.348884 0.267032 0.337519 0.326251 0.279804 0.200545 0.256026 0.160399 0.070918 0.04591 -0.011548 -0.003619 -0.009272 -0.033392 -0.032024 -0.036392 -0.043381 -0.01796 -0.01128 -0.006791 -0.083706 -0.081307 -0.09295 -0.036577 0.08836 -0.262563 0.070127 -0.091672 -0.095942 -0.106053 -0.129431
0.007828 0.006884 0.005132 0.013638 0.016026 0.013005 0.016487 0.01746 0.014646 0.022767 0.020921 0.027389 0.024251 0.022307 0.01823 0.029783 0.036188 0.043418 0.048108 0.049831 0.047415 0.054775 0.075762 0.221841 0.10104 0.120683 0.229606 0.129407 0.252624 0.250042 0.119511 0.126757 0.235288 0.20514 0.184323 0.309831 0.337577 0.156746 0.08014 0.036995 0.020526 0.008474 0.008085 0.003704 -0.022029 -0.021373 -0.027481 -0.011011 -0.00868 -0.017767 -0.073958 -0.093259 -0.104212 -0.097728 -0.042526 -0.024632 -0.097685 -0.099061 -0.10619 -0.061651 -0.125003
-0.003638 0.001458 0.001188 0.01187 0.011217 0.014116 0.010929 0.017881 0.019077 0.022968 0.028923 0.020267 0.023905 0.033952 0.020664 0.034079 0.028405 0.037701 0.040876 0.041505 0.047693 0.063791 0.211841 0.051061 0.359352 0.186915 0.187341 0.156542 0.107299 0.101854 0.099132 0.148929 0.166119 0.171418 0.211799 0.344114 0.276862 0.146778 0.062672 0.038868 0.007426 0.007315 0.000532 -0.00059 -0.020249 -0.025011 -0.028577 -0.012161 -0.012373 -0.033222 -0.076008 -0.097307 -0.091325 -0.116648 -0.093452 -0.105444 -0.126389 -0.150413 -0.102981 -0.114582 -0.081844
-0.003548 -0.003161 0.005529 0.010548 0.014299 0.016944 0.021786 0.019693 0.016611 0.023825 0.013069 0.025288 0.025389 0.022992 0.031884 0.030934 0.03618 0.033804 0.043672 0.046013 0.043148 0.056331 0.098812 0.417325 0.137032 0.400135 0.315188 0.136079 0.106894 0.185704 0.329611 0.226767 0.235929 0.310701 0.273738 0.289349 0.221095 0.096222 0.045183 0.020828 0.02091 -0.003556 0.007143 -0.010788 -0.012312 -0.036243 -0.024238 -0.021526 -0.026616 -0.037508 -0.085738 -0.093897 -0.099812 -0.085778 -0.115439 -0.125971 -0.145487 -0.091291 -0.090556 -0.033349 -0.189333
-0.006892 -0.004164 0.003566 0.010947 0.016442 0.014765 0.018714 0.022754 0.014331 0.031265 0.019278 0.028712 0.027815 0.030376 0.028399 0.030754 0.039624 0.036352 0.040926 0.04364 0.045005 0.06136 0.141913 0.054381 0.319434 0.257138 0.191386 0.332537 0.292423 0.193339 -0.056495 0.381984 0.493939 0.388286 0.354127 0.244344 0.084431 0.073556 0.035071 0.02631 0.004542 0.011646 -0.004862 -0.013238 -0.023897 -0.02559 -0.01959 -0.014511 -0.027548 -0.047262 -0.072791 -0.098122 -0.091519 -0.105786 -0.109757 -0.122119 -0.136143 -0.145915 -0.18218 -0.138294 -0.123352
-0.012667 -0.006817 0.004873 0.00327 0.014029 0.012683 0.016944 0.020706 0.02581 0.011823 0.026817 0.020598 0.019884 0.024643 0.028725 0.035635 0.032608 0.040294 0.039548 0.043635 0.042423 0.05555 0.073312 0.16519 0.191569 0.274664 0.345934 0.095574 0.070849 0.273582 0.422407 0.499378 0.460958 0.491378 0.393384 0.219262 0.154368 0.039643 0.02977 0.018847 0.009532 0.000381 -0.009976 -0.014407 -0.022053 -0.028765 -0.015161 -0.021124 -0.027336 -0.064378 -0.080262 -0.090418 -0.114513 -0.103169 -0.11545 -0.125865 -0.128651 -0.128632 -0.160447 -0.103807 -0.200934
-0.018675 -0.011659 -0.000262 0.009968 0.008754 0.018696 0.011918 0.018767 0.016661 0.020108 0.024066 0.014783 0.028452 0.035952 0.031683 0.033952 0.040971 0.041772 0.041579 0.044175 0.048825 0.050788 0.060458 0.069225 0.077992 0.095325 0.195198 0.280741 0.209307 0.138138 0.268566 0.354209 0.499479 0.441061 0.322839 0.219108 0.066021 0.040452 0.025622 0.017534 0.008749 0.002209 -0.011294 -0.020585 -0.023563 -0.024765 -0.020119 -0.031585 -0.049751 -0.073222 -0.093336 -0.114857 -0.110926 -0.107968 -0.11136 -0.123857 -0.125854 -0.13341 -0.160728 -0.166683 -0.163212
-0.020601 -0.008847 -0.001706 0.007384 0.011722 0.013873 0.01754 0.022466 0.015526 0.015966 0.02296 0.022127 0.028532 0.031812 0.032111 0.050534 0.044116 0.042283 0.047426 0.045405 0.049741 0.046304 0.052561 0.06369 0.062622 0.148021 0.113106 0.127349 0.194701 0.160638 0.223302 0.424413 0.196878 0.165701 0.226648 0.078545 0.04891 0.029016 0.017056 0.017003 0.010638 -0.003405 -0.007823 -0.031246 -0.013185 -0.022177 -0.03105 -0.037847 -0.068362 -0.086847 -0.095026 -0.101693 -0.102246 -0.111373 -0.113484 -0.126037 -0.132722 -0.148574 -0.158831 -0.151323 -0.154262
-0.013056 -0.001849 -0.003664 0.010738 0.013103 0.014635 0.024481 0.016003 0.025772 0.012108 0.028794 0.022442 0.035683 0.036685 0.044516 0.033122 0.042138 0.044373 0.042529 0.045862 0.047884 0.053505 0.053016 0.050294 0.052794 0.161267 0.170249 0.130738 0.181974 0.094233 0.150669 0.179598 0.243823 0.195402 0.090569 0.060241 0.032513 0.019124 0.017791 0.008513 0.00632 -0.000741 -0.037714 -0.007193 -0.028749 -0.029063 -0.043862 -0.055074 -0.078183 -0.090894 -0.096447 -0.101193 -0.107429 -0.112791 -0.11891 -0.125114 -0.130757 -0.150307 -0.144653 -0.145037 -0.153103
-0.001214 -0.002706 0.004481 0.011333 0.016063 0.018347 0.023847 0.026259 0.006646 0.035487 -0.002852 0.045804 0.016164 0.052706 0.033997 0.045979 0.045272 0.039929 0.04909 0.045788 0.045053 0.046532 0.053587 0.048492 0.052783 0.149447 0.034082 0.251122 0.088606 0.069698 0.082672 0.067907 0.075045 0.070989 0.056087 0.039825 0.023741 0.018413 0.01345 0.012235 -0.007082 -0.006296 -0.00473 -0.022886 -0.025177 -0.037354 -0.049024 -0.068638 -0.081349 -0.092235 -0.104437 -0.115627 -0.112537 -0.112413 -0.126034 -0.130225 -0.146392 -0.147643 -0.143122 -0.148765 -0.144556
0.00178 0.006868 0.011463 0.020439 0.01813 0.02205 0.014026 0.032616 0.023458 0.018667 0.034812 0.005857 0.040878 0.032762 0.043918 0.045386 0.048563 0.039344 0.044804 0.045238 0.04369 0.050243 0.044296 0.047632 0.047944 0.060135 0.147251 0.078048 0.068802 0.062701 0.028606 0.074767 0.05127 0.033947 0.02841 0.01869 0.021392 0.019185 0.008958 -0.008005 -0.000577 -0.014577 -0.015246 -0.023111 -0.038548 -0.048757 -0.059966 -0.068677 -0.092283 -0.094836 -0.110376 -0.116579 -0.120918 -0.120958 -0.124704 -0.143995 -0.150021 -0.140524 -0.146899 -0.148997 -0.150878
0.004516 0.013643 0.016153 0.016119 0.019214 0.022672 0.035405 0.017225 0.035889 0.032979 -0.002288 0.042648 0.029373 0.041323 0.049852 0.037333 0.042362 0.047415 0.042926 0.041794 0.045778 0.039164 0.048614 0.045643 0.040852 0.048087 0.051921 0.052735 0.053246 0.042971 0.066135 0.03969 0.038159 0.027185 0.019794 0.014667 0.01678 -0.00137 0.008828 0.001966 -0.014267 -0.012008 -0.015437 -0.023987 -0.041804 -0.047746 -0.064447 -0.07882 -0.095847 -0.102693 -0.105582 -0.114881 -0.119418 -0.12941 -0.140378 -0.138683 -0.134913 -0.138582 -0.148513 -0.147783 -0.152437
0.011661 0.007225 0.009283 0.012362 0.021066 0.018444 0.032283 0.022987 0.026942 0.018495 0.041675 0.013992 0.036135 0.04072 0.031177 0.047696 0.042802 0.041458 0.045566 0.039503 0.043767 0.040876 0.045175 0.042921 0.048455 0.044497 0.045468 0.045127 0.044103 0.038889 0.043069 0.037481 0.028341 0.017204 0.012923 0.017333 -0.000772 0.019286 -0.00072 -0.008177 -0.003667 -0.015939 -0.02069 -0.035357 -0.041439 -0.048024 -0.064106 -0.078143 -0.090648 -0.101884 -0.111516 -0.111614 -0.119767 -0.137413 -0.129873 -0.12936 -0.133852 -0.137817 -0.13728 -0.149992 -0.162619
0.008354 0.013865 0.012706 0.018841 0.01573 0.023267 0.018399 0.035093 0.037127 0.012045 0.037913 0.022561 0.030307 0.038103 0.041312 0.036563 0.039921 0.048325 0.040228 0.041579 0.041042 0.04555 0.042368 0.039508 0.038548 0.040693 0.046878 0.042172 0.04436 0.03587 0.046997 0.030788 0.021489 0.012712 0.010085 0.006161 0.0135 -0.003905 -0.00359 0.006561 -0.011481 -0.014545 -0.023066 -0.030939 -0.041413 -0.047815 -0.06872 -0.080402 -0.095175 -0.105071 -0.107653 -0.108032 -0.127828 -0.140233 -0.130905 -0.123817 -0.133545 -0.131741 -0.128783 -0.149661 -0.064228
0.008413 0.007328 0.011833 0.016347 0.020857 0.014434 0.037159 0.005915 0.038185 0.045151 0.026738 0.036442 0.031481 0.036376 0.034235 0.04555 0.038339 0.038709 0.041558 0.039106 0.037257 0.039074 0.039495 0.035468 0.038899 0.036672 0.04328 0.037735 0.037817 0.032635 0.04577 0.017847 0.019799 0.01645 0.013746 0.007024 0.001153 0.006754 0.002323 -0.004492 -0.011087 -0.017892 -0.023881 -0.03682 -0.045132 -0.051466 -0.071968 -0.081415 -0.096918 -0.102529 -0.108341 -0.126849 -0.131815 -0.130754 -0.120251 -0.124796 -0.124487 -0.140164 -0.14763 -0.066082 -0.092005
0.01028 0.016474 0.016484 0.015831 0.019217 0.024804 0.018262 0.04114 0.018526 0.027571 0.024693 0.036812 0.028476 0.034767 0.035447 0.035172 0.044447 0.037056 0.041146 0.03709 0.040225 0.039135 0.032481 0.037296 0.043021 0.044653 0.036331 0.042688 0.039783 0.033235 0.025492 0.02778 0.02509 0.013283 0.008415 0.009648 0.01132 0.004852 -0.00532 -0.002841 -0.009315 -0.017595 -0.020392 -0.039992 -0.048653 -0.044024 -0.068627 -0.08273 -0.093767 -0.107722 -0.123762 -0.134381 -0.131942 -0.121016 -0.124688 -0.128619 -0.14204 -0.054357 -0.083899 -0.07531 -0.086577
0.014897 0.021183 0.019984 0.022011 0.020757 0.021767 0.030333 0.023669 0.032886 0.033701 0.032386 0.018444 0.030778 0.033426 0.034468 0.033796 0.034595 0.036307 0.03596 0.034344 0.042706 0.036101 0.036148 0.038577 0.036156 0.03877 0.049765 0.043048 0.03672 0.042767 0.024108 0.027167 0.012333 0.01563 0.010138 0.006622 0.016799 0.00696 -0.000333 -0.008995 -0.01573 -0.028037 -0.035093 -0.043979 -0.040455 -0.046397 -0.06609 -0.084101 -0.100148 -0.11918 -0.131778 -0.129868 -0.126138 -0.130606 -0.131899 -0.051516 -0.074341 -0.090698 -0.080439 -0.062484 -0.080513
0.022323 0.020918 0.020487 0.02204 0.017899 0.022929 0.032995 0.032228 0.037905 0.014775 0.036251 0.018897 0.038127 0.027399 0.032378 0.035476 0.038418 0.040185 0.038275 0.043802 0.042019 0.042468 0.039786 0.043177 0.057352 0.060474 0.028257 0.047492 0.042979 0.03414 0.038026 0.010003 0.030278 0.015526 0.007733 0.01486 0.021082 0.016995 -0.002452 -0.004569 -0.024537 -0.026725 -0.035304 -0.045431 -0.042492 -0.054566 -0.068333 -0.08482 -0.097902 -0.121056 -0.129519 -0.11564 -0.131058 -0.061709 -0.066611 -0.07482 -0.092561 -0.104392 -0.070434 -0.077304 -0.040979
0.018558 0.021619 0.026733 0.022365 0.020759 0.021323 0.029735 0.027146 0.025299 0.042907 0.013817 0.041587 0.005929 0.036907 0.041177 0.038862 0.032918 0.04596 0.041688 0.041947 0.047156 0.04145 0.048066 0.053074 0.05696 0.05231 0.064119 0.036913 0.03786 0.028693 0.037513 0.029844 0.014601 0.017119 0.030262 -0.000431 0.01455 -0.003476 0.008939 -0.018577 -0.015249 -0.031 -0.046135 -0.046497 -0.045246 -0.055029 -0.074934 -0.093788 -0.116116 -0.124873 -0.121476 -0.133601 -0.146354 -0.065937 -0.069286 -0.087402 -0.080915 -0.057683 -0.077032 -0.045521 -0.059452
0.02469 0.019259 0.022019 0.022799 0.020937 0.01531 0.031735 0.031376 0.032222 0.023701 0.035521 0.015807 0.04395 0.036728 0.032989 0.058622 0.048016 0.036585 0.05046 0.049 0.048259 0.04722 0.050989 0.050831 0.066616 0.046325 0.04063 0.042063 0.034029 0.042212 0.005106 0.041288 -0.001712 0.04372 -0.021706 0.028093 0.018958 0.010442 -0.006257 -0.006135 -0.023323 -0.038521 -0.038627 -0.039815 -0.051315 -0.064143 -0.075153 -0.10618 -0.131185 -0.120852 -0.126074 -0.038029 -0.068238 -0.032344 -0.081762 -0.091786 -0.048685 -0.051802 -0.047831 -0.043132 -0.04373
0.014593 0.021775 0.022873 0.027802 0.02045 0.02087 0.021542 0.030283 0.028045 0.033225 0.039302 0.040315 0.026045 0.040267 0.062804 0.022175 0.047786 0.051135 0.045836 0.046291 0.057159 0.051664 0.053437 0.050045 0.069233 0.042643 0.046976 0.037508 0.029947 0.020669 0.046267 0.009159 0.037661 -0.010354 0.03328 0.014513 -0.029159 0.008495 -0.006762 -0.004521 -0.023622 -0.041868 -0.034386 -0.044646 -0.055257 -0.071386 -0.083579 -0.117963 -0.122693 -0.115944 -0.140534 -0.075722 -0.095188 -0.081862 -0.03254 -0.061815 -0.042429 -0.053159 -0.02969 -0.067529 -0.056026
0.02145 0.022143 0.021545 0.03182 0.028876 0.026844 0.02514 0.02104 0.026304 0.024389 0.027997 0.03255 0.046458 0.043066 0.027624 0.046823 0.04173 0.04722 0.045878 0.052344 0.056325 0.048212 0.048452 0.053373 0.053413 0.062606 0.049653 0.041228 0.032704 0.031976 0.021095 0.026749 0.018709 0.018466 -0.004661 -0.011571 0.027328 -0.007365 -0.006844 -0.007476 -0.029405 -0.039788 -0.044714 -0.05004 -0.05568 -0.077003 -0.092709 -0.10837 -0.112923 -0.13123 -0.052981 -0.064545 -0.097661 -0.053476 -0.06369 -0.016989 -0.03195 -0.02714 -0.047368 -0.058294 -0.059188
