documents/v00120151106_d01_ECHAM5_R3_Chg_2036_tasmean3hrly_degC_DJF_LUChg_1km_1-3pm.asc
ncols         100
nrows         100
xllcorner     265500
yllcorner     6192500
cellsize      1000
NODATA_value  -9999
[rows 0 to 26 of 100, columns 0 to 60 of 100]
0.014717 0.005513 0.007426 0.004286 0.007114 0.006521 0.005034 0.017981 0.016013 0.018926 0.020847 0.016992 0.013286 0.011728 0.016413 0.013392 0.01077 0.019894 0.016556 0.020381 0.020624 0.033016 -0.001003 0.024921 0.008053 0.009823 0.015156 0.022894 0.030257 0.035667 0.04059 0.047968 0.062892 0.062164 0.059524 0.058243 0.047616 0.054704 0.047992 0.06581 0.044595 0.078312 0.065463 0.071632 0.066571 0.063574 0.069799 0.084045 0.071757 0.075786 0.084161 0.059061 0.054526 0.072481 0.068291 0.057254 0.053804 0.043405 0.041722 0.038299 0.019127
0.01136 0.006836 0.004106 0.003828 0.008122 0.012399 0.007804 0.015119 0.014746 0.016915 0.013759 0.013177 0.012368 0.010892 0.010005 0.013997 0.013201 0.016608 0.017008 0.024783 0.020032 0.028479 0.033661 0.004079 0.011817 0.013971 0.013587 0.025476 0.020458 0.02796 0.050434 0.048849 0.057526 0.071085 0.055201 0.065341 0.070389 0.045778 0.067889 0.026492 0.078685 0.071243 0.062836 0.080283 0.057828 0.075704 0.091558 0.085185 0.074852 0.079966 0.076897 0.064704 0.065603 0.079024 0.061447 0.060079 0.050249 0.043304 0.047146 0.033333 0.05005
0.009243 0.008661 0.006722 0.005177 0.008553 0.010183 0.012802 0.016534 0.014561 0.014878 0.012696 0.012392 0.007582 0.010894 0.014426 0.01209 0.016074 0.020579 0.030138 0.029135 0.035 0.012799 0.001116 0.030519 0.009373 0.012627 0.036042 0.015278 0.024505 0.048185 0.01222 0.06159 0.05032 0.068862 0.065413 0.076857 0.066601 0.065807 0.051706 0.065995 0.044169 0.059915 0.07522 0.051132 0.073899 0.058503 0.08763 0.09736 0.094534 0.08678 0.074283 0.064754 0.067799 0.068489 0.067728 0.06514 0.057042 0.052579 0.057087 0.046349 0.033288
0.007611 0.004989 0.007447 0.011423 0.013143 0.007974 0.010034 0.025288 0.015275 0.01672 0.010513 0.011214 0.009873 0.006503 0.00732 0.014569 0.022386 0.030328 0.011709 0.031487 0.012751 0.042101 0.02041 0.00795 0.025643 0.037259 -0.000196 0.045603 0.03127 0.023656 0.050942 0.032524 0.063995 0.051175 0.067526 0.068876 0.082905 0.050767 0.058243 0.048608 0.062709 0.061146 0.066534 0.074474 0.077016 0.087167 0.085392 0.087304 0.087431 0.090026 0.083302 0.071286 0.067542 0.067548 0.06169 0.064249 0.063521 0.052836 0.05668 0.056735 0.058016
0.005325 0.005005 0.004474 0.008733 0.01413 0.013283 0.00928 0.020479 0.017354 0.01913 0.014706 0.009056 0.010619 0.012704 0.010981 0.015032 0.022786 0.019593 0.032164 0.019487 0.033132 0.013368 0.011905 0.036474 0.014659 0.027585 0.033169 0.024146 0.01323 0.032003 0.030966 0.040341 0.048074 0.05663 0.055582 0.073889 0.064413 0.061466 0.065968 0.067849 0.06141 0.064365 0.062249 0.068341 0.048897 0.056103 0.076225 0.078392 0.079214 0.082923 0.07068 0.068437 0.070042 0.058479 0.052093 0.053823 0.055048 0.050132 0.04918 0.052632 0.046521
0.013733 0.010275 0.009405 0.007757 0.016407 0.015823 0.008857 0.010656 0.007804 0.013019 0.012164 0.013741 0.012709 0.011653 0.012778 0.020947 0.019997 0.016437 0.022354 0.020349 0.03791 0.033786 0.031783 0.009497 0.03341 0.02028 0.017516 0.029519 0.025669 0.021598 0.03705 0.03978 0.058233 0.068616 0.065323 0.058114 0.067926 0.054206 0.051606 0.059392 0.035511 0.05077 0.035074 0.063394 0.051815 0.056452 0.043238 0.060151 0.062601 0.055886 0.052413 0.047167 0.048368 0.046114 0.039899 0.044677 0.046481 0.040212 0.036151 0.028725 0.040944
0.011373 0.011574 0.007177 0.009622 0.008698 0.007381 -0.000489 0.010878 0.004532 0.006246 0.004024 0.011876 0.013593 0.01682 0.015249 0.020807 0.020979 0.020005 0.028709 0.020339 0.037138 0.031254 0.029627 0.02836 0.019749 0.02028 0.022606 0.006352 0.017122 0.026632 0.037098 0.044452 0.056701 0.063042 0.062892 0.059378 0.051648 0.049582 0.038275 0.03777 0.054132 0.056537 0.053738 0.044312 0.03719 0.039786 0.046127 0.051614 0.035905 0.037431 0.031683 0.034944 0.034312 0.030651 0.021532 0.041323 0.027159 0.025 0.025751 0.031217 0.028664
0.01532 0.012034 0.011664 0.010892 0.021148 0.015532 0.013831 0.007476 0.006278 0.004122 0.007862 0.012606 0.012317 0.012423 0.015873 0.019085 0.016352 0.02482 0.019812 0.026172 0.032733 0.021235 0.036225 0.014923 0.01655 0.015984 -0.002751 0.024537 0.015347 0.032061 0.037733 0.046198 0.051106 0.052794 0.053762 0.050024 0.059606 0.052257 0.049188 0.052783 0.040714 0.038056 0.055873 0.050979 0.038534 0.036823 0.036225 0.038794 0.031188 0.036968 0.03223 0.032947 0.037466 0.034481 0.028971 0.031423 0.021447 0.022825 0.021905 0.020876 0.01819
0.014812 0.011399 0.009651 0.008029 0.012476 0.007198 0.005228 0.008214 0.00982 0.009775 0.007431 0.013026 0.015222 0.012495 0.013429 0.014664 0.021688 0.02627 0.021974 0.029138 0.026212 0.027532 -0.007241 0.022315 0.011164 0.014503 0.011505 0.010053 0.031272 0.028622 0.037934 0.044466 0.05873 0.055082 0.056484 0.050042 0.044026 0.051807 0.062392 0.041487 0.075463 0.07105 0.046516 0.053884 0.044765 0.036635 0.03487 0.027881 0.033817 0.032159 0.029497 0.04186 0.039008 0.031016 0.030532 0.029823 0.024169 0.016616 0.016698 0.026992 0.010481
0.020241 0.016161 0.012545 0.006743 0.015413 0.007921 0.006849 0.004585 0.014005 0.008926 0.001942 0.005323 0.016114 0.010479 0.003966 0.016844 0.011511 0.015746 0.021056 0.024812 0.007339 0.006381 0.020291 0.039659 0.012444 0.01591 0.024354 0.036783 0.036153 0.036886 0.036243 0.040347 0.050209 0.051923 0.051741 0.056206 0.050304 0.051992 0.041029 0.062775 0.051106 0.068019 0.066063 0.064664 0.048706 0.040011 0.043056 0.040437 0.043947 0.04322 0.039942 0.052598 0.050799 0.038659 0.017344 0.015632 0.017175 0.017069 0.02454 0.029794 0.004844
0.01586 0.00919 0.004653 0.01204 0.014204 0.008325 0.010548 0.012188 0.005638 0.006127 0.009566 0.008939 0.014008 0.016005 0.014638 0.024003 0.016278 0.022048 0.017307 0.004444 0.02728 -8.2e-005 0.00528 0.01395 0.014915 0.028476 0.033622 0.029778 0.035265 0.028661 0.042381 0.040246 0.052024 0.055648 0.055677 0.054452 0.052929 0.050759 0.066339 0.050201 0.076188 0.068907 0.0675 0.062397 0.044407 0.045045 0.051167 0.052704 0.045854 0.044992 0.044974 0.039336 0.041952 0.038365 0.021878 0.020114 0.012397 0.022836 0.024241 0.028839 0.027598
0.0095 0.017791 0.009452 0.011495 0.010521 0.010331 0.008833 0.001521 0.00822 0.01081 0.006952 0.002508 0.020198 0.015389 0.017302 0.023497 0.017217 0.022693 0.011045 0.018431 -0.013878 0.020159 0.010312 0.013934 0.019577 0.025452 0.043677 0.037669 0.03222 0.03577 0.036378 0.048124 0.06478 0.058069 0.065947 0.063659 0.051873 0.062312 0.04927 0.052503 0.073963 0.057 0.066862 0.056307 0.040333 0.040981 0.042185 0.049643 0.041582 0.041865 0.03822 0.034421 0.044138 0.034749 0.023569 0.02281 0.030796 0.027328 0.026013 0.028833 0.023561
0.006384 0.011368 0.008299 0.006304 0.008857 0.008262 0.005643 0.004854 0.006828 0.011071 -0.000741 0.004452 0.010593 0.016847 0.028339 0.025447 0.022542 0.008365 0.009431 -0.001783 0.008251 0.001563 0.013733 0.018807 0.029704 0.034013 0.040659 0.027712 0.043056 0.040775 0.04627 0.062627 0.053603 0.058894 0.072762 0.087921 0.074984 0.074889 0.069077 0.068796 0.055966 0.066413 0.061693 0.056384 0.042728 0.045029 0.054063 0.043669 0.037135 0.028556 0.032624 0.028296 0.044862 0.032746 0.025262 0.016251 0.021116 0.033439 0.022101 0.020786 0.014468
0.007317 0.013468 0.009466 0.012521 0.010206 0.009336 0.008241 0.010479 0.010407 0.00669 0.005701 -0.001251 0.009246 0.011704 0.021066 0.016862 0.012831 0.005667 0.013209 0.003198 0.00827 0.011688 0.01896 0.024384 0.029077 0.031212 0.025989 0.055992 0.033175 0.052931 0.061989 0.063452 0.076011 0.058251 0.077127 0.310487 0.18737 0.091542 0.07559 0.081534 0.075019 0.07609 0.071836 0.060624 0.051003 0.061101 0.037098 0.065968 0.053087 0.03904 0.031479 0.031474 0.038987 0.03663 0.021968 0.015593 0.025317 0.025479 0.026659 0.026979 0.017794
0.012571 0.019283 0.018868 0.020675 0.012307 0.006415 0.006341 0.007108 0.008034 0.009881 0.00755 7.1e-005 0.013156 0.01028 0.015132 0.01231 0.01259 0.005011 0.003894 0.012172 0.000968 0.023722 0.019878 0.025616 0.031799 0.03964 0.042418 0.02923 0.047156 0.052918 0.06623 0.151315 0.153011 0.094397 0.276183 -0.198963 0.287037 0.164966 0.129394 0.246275 0.261341 0.11564 0.078259 0.082317 0.059146 0.050931 0.04678 0.053373 0.042918 0.049751 0.044542 0.034407 0.029288 0.028246 0.019095 0.022122 0.028992 0.029061 0.038907 0.021926 0.017587
0.017312 0.015407 0.015881 0.021574 0.015836 0.011582 0.01159 0.012804 0.013611 0.009434 0.013979 0.00714 0.009463 0.010894 0.023918 0.015259 0.01595 0.016622 0.000989 0.021722 0.01187 0.01831 0.025722 0.030661 0.033283 0.037008 0.041286 0.045225 0.044571 0.054206 0.134603 0.188058 0.196606 0.185796 0.062212 0.452685 0.304836 0.314437 0.372524 0.422201 0.419886 0.295884 0.132849 0.078159 0.075958 0.054378 0.059862 0.051635 0.05028 0.056889 0.05395 0.037741 0.030328 0.036921 0.034294 0.036071 0.027466 0.03264 0.030516 0.028352 0.017503
0.01145 0.023365 0.019093 0.021569 0.016749 0.015701 0.015442 0.014717 0.009468 0.008907 0.010127 0.008926 0.008743 0.011931 0.020823 0.015368 0.01882 0.00268 0.022667 -0.015902 0.02713 0.024439 0.037238 0.026085 0.037971 0.042235 0.043175 0.044847 0.047405 0.059029 0.063894 0.141257 0.148894 0.109497 0.284468 0.223569 0.310378 0.338989 0.468024 0.65569 0.606868 0.474569 0.155111 0.12604 0.091034 0.083817 0.063103 0.04963 0.048653 0.051653 0.055582 0.040397 0.03841 0.039183 0.035455 0.03346 0.026722 0.032907 0.030696 0.025415 -0.036307
0.014675 0.016638 0.020254 0.013341 0.014661 0.016984 0.011413 0.007045 0.009556 0.010183 0.007635 0.003146 0.007061 0.009831 0.01522 0.010013 0.012579 0.011228 -0.008966 0.022177 0.003939 0.023889 0.029526 0.038574 0.041421 0.041328 0.050323 0.054688 0.056942 0.062677 0.063622 0.073151 0.090529 0.195175 0.223331 0.311294 0.333479 0.407003 0.563394 0.690098 0.688368 0.44278 0.381349 0.202161 0.112783 0.096849 0.072616 0.066093 0.054153 0.050505 0.05177 0.049169 0.045069 0.039119 0.03786 0.028407 0.023246 0.023389 0.01409 0.016852 -0.027878
0.012812 0.019352 0.020005 0.012608 0.008981 0.010405 0.009815 0.008611 0.006421 0.008101 0.01269 0.00213 0.007646 0.007894 0.017783 0.016902 0.019243 0.010989 0.016439 -0.012429 0.031175 0.030423 0.034042 0.038521 0.042444 0.047146 0.051452 0.054979 0.059812 0.062053 0.068923 0.084058 0.184146 0.203796 0.294085 0.25314 0.418757 0.333765 0.506481 0.54019 0.542108 0.494542 0.261958 -0.005479 0.206429 0.085074 0.078886 0.072466 0.054402 0.042516 0.039828 0.044312 0.054188 0.054024 0.043606 0.042601 0.024847 0.013206 0.013944 0.022354 -0.050339
0.007029 0.016749 0.020161 0.012717 0.019071 0.013968 0.014741 0.010423 0.009169 0.006566 0.009929 0.008947 0.009862 0.014132 0.018034 0.019981 0.019804 0.016389 0.011257 0.020974 0.03313 0.030955 0.044341 0.045278 0.050569 0.054878 0.054743 0.057304 0.064188 0.074929 0.088709 0.187265 0.301013 0.307934 0.401672 0.42428 0.342235 0.524376 0.435524 0.478304 0.534854 0.432733 0.213728 0.84618 -0.240968 0.099349 0.036976 0.090884 0.054526 0.043796 0.037817 0.046061 0.049537 0.049709 0.049688 0.045421 0.020286 0.023444 -0.04295 -0.050526 0.037778
0.010548 0.017167 0.018516 0.017183 0.017868 0.010286 0.012659 0.008235 0.002762 0.008061 0.004193 0.001185 0.012101 0.01164 0.020939 0.021114 0.026661 0.021339 0.025989 0.012185 0.041563 0.043775 0.046455 0.051442 0.066685 0.062183 0.064439 0.061939 0.069233 0.087148 0.270045 0.20737 0.303352 0.399608 0.425812 0.443505 0.428354 0.538987 0.424071 0.539016 0.650913 0.567058 0.42628 0.030878 0.749061 0.669323 0.776812 0.057275 0.057161 0.035831 0.056066 0.054751 0.062595 0.068114 0.0655 0.04681 0.03073 -0.048087 -0.035127 0.026106 -0.004529
0.018939 0.022847 0.015278 0.015347 0.014524 0.014873 0.009452 0.009328 0.004426 0.015061 0.014474 0.017981 0.024733 0.011407 0.021995 0.027431 0.023426 0.034992 0.014688 0.031791 0.042558 0.050397 0.063254 0.159209 0.158738 0.076823 0.071228 0.071683 0.07746 0.171135 0.195772 0.365177 0.405278 0.423828 0.430368 0.450074 0.471643 0.485283 0.578341 0.603717 0.740278 0.688005 0.490788 0.037577 0.216241 0.085899 0.127296 0.169873 0.067992 0.045426 0.065325 0.067315 0.090267 0.114418 0.066243 0.04159 0.038124 -0.031614 0.018153 0.009032 0.084032
0.014577 0.020548 0.015466 0.018683 0.017524 0.008378 0.009204 0.009553 0.015675 0.03237 0.027921 0.018138 0.021146 0.025593 0.021632 0.027021 0.03378 0.026423 0.031614 0.034574 0.045347 0.056638 0.14678 0.096106 0.044511 0.169325 0.085066 0.080513 0.081839 0.186251 0.274019 0.388971 0.410997 0.423794 0.425603 0.433381 0.515032 0.576399 0.748897 0.664968 0.705378 0.670447 0.497989 0.334532 0.199384 0.301016 0.184085 0.247558 0.130254 0.054701 0.021524 1.338265 1.443138 0.110693 0.089206 0.061315 -0.024656 0.034902 -0.031561 0.127852 -0.071802
0.020667 0.01759 0.016667 0.019542 0.01437 0.014857 0.010183 0.009556 0.007563 0.032185 0.016944 0.029545 0.029804 0.026952 0.030505 0.028894 0.021257 0.049349 0.015045 0.033767 0.048503 0.056616 0.152138 0.020823 0.269934 0.191601 0.187148 0.109415 0.10509 0.205045 0.285172 0.388053 0.391979 0.334648 0.324979 0.34072 0.498262 0.690034 0.702455 0.645632 0.688611 0.565302 0.354307 0.281754 0.32481 0.315825 0.422122 0.194519 0.106677 -0.073516 1.284251 1.341249 0.175505 0.148119 0.035907 -0.113019 0.761545 -0.025892 0.156209 -0.415638 0.783243
0.014831 0.020675 0.013828 0.01441 0.011944 0.015796 0.010167 0.015053 0.013148 0.012812 0.012 0.026196 0.022254 0.019653 -0.087923 -0.094802 0.03769 0.009019 0.050331 0.03941 0.054503 0.05036 0.092413 0.189209 0.275947 0.167444 0.171931 0.284725 0.208458 0.283976 0.212063 0.275593 0.216378 0.307669 0.228606 0.310741 0.329947 0.599947 0.45945 0.600704 0.36541 0.423807 0.330019 0.374489 0.338574 0.528974 0.277976 0.262495 0.044772 0.048458 0.075918 0.739582 0.845815 0.210474 0.097569 0.032106 -0.000275 0.204468 0.145087 -0.21959 -0.111317
0.014603 0.022278 0.018683 0.009524 0.015402 0.011196 0.013704 0.006669 0.008029 0.012011 0.014566 0.022643 0.015831 -0.039074 0.257093 0.090817 -0.228209 0.054796 0.031601 0.060437 0.046349 0.070717 0.094167 0.252138 0.05118 0.223974 0.327373 0.167765 0.156413 0.090151 0.318733 0.229701 0.216725 0.143579 0.139386 0.193042 0.2955 0.219235 0.359987 0.199638 0.350558 0.288722 0.282368 0.315299 0.441087 0.317987 0.24996 0.076146 0.085603 0.158614 0.21959 0.297344 0.306603 0.282378 0.202204 0.175772 0.162349 0.146331 0.077709 0.073794 -0.010323
0.021659 0.02781 0.021955 0.014442 0.014489 0.016603 0.011749 0.009421 0.005876 0.012984 0.015989 0.024786 0.061796 -0.245463 -0.493823 0.369635 0.551725 -0.041447 0.068913 0.064026 0.092267 0.184728 0.210862 0.199624 0.351024 0.377836 0.084177 0.282447 0.178759 0.215513 0.233437 0.251056 0.146603 0.142265 0.243624 0.233981 0.199833 0.191767 0.126114 0.183283 0.225849 0.293138 0.29669 0.357262 0.250489 0.237217 0.167913 0.14204 0.21772 0.27631 0.230476 0.158569 0.158638 0.194302 0.230005 0.169474 0.152796 0.083209 0.019005 0.007058 -0.006291
