documents/v00120151106_d01_ECHAM5_R3_Chg_2036_tasmean3hrly_degC_SON_LUChg_1km_1-3pm.asc
ncols         100
nrows         100
xllcorner     265500
yllcorner     6192500
cellsize      1000
NODATA_value  -9999
[rows 54 to 80 of 100, columns 0 to 60 of 100]
-0.013174 -0.009815 -0.003185 0.003318 0.003422 0.015522 0.009881 0.017213 0.019311 0.01517 0.007914 0.005569 0.022504 0.005329 0.027901 0.019533 0.034906 0.041993 0.044382 0.065041 0.055339 0.084596 0.252421 0.38484 0.514569 0.54943 0.555743 0.574109 0.599766 0.588744 0.451793 0.212674 0.237434 0.211744 0.120158 0.201863 0.245043 0.232601 0.370995 0.331822 0.238888 -0.044922 -0.023751 -0.022239 -0.034857 -0.04253 -0.048091 -0.063891 -0.068697 -0.03328 0.074196 0.256833 0.155575 0.015321 0.045879 0.075162 0.048239 0.045538 0.03893 -0.060589 -0.102685
-0.004338 0.002589 0.006308 0.007 0.010442 0.014882 0.014464 0.015986 0.014703 0.012878 0.025935 0.008832 0.012498 0.024325 0.022823 0.029287 0.035228 0.045168 0.051695 0.049094 0.06881 0.080817 0.167039 0.298638 0.497406 0.549421 0.620588 0.591578 0.595978 0.423288 0.275578 0.148507 0.110217 0.093891 0.082073 0.054149 0.067943 0.208037 0.254775 0.362081 0.038367 0.725762 -0.099148 -0.014312 -0.049317 -0.028143 -0.063804 -0.063888 -0.069575 -0.034706 -0.011857 0.109774 -0.009748 -0.007706 0.033913 0.131854 0.207926 0.162864 0.125558 0.062121 -0.060006
0.010839 0.012004 0.009717 0.016588 0.0153 0.017274 0.016429 0.019817 0.014786 0.025723 0.000333 0.02709 0.007096 0.020348 0.019582 0.026558 0.043241 0.038038 0.056062 0.05492 0.058738 0.066404 0.09398 0.332808 0.332025 0.508809 0.619174 0.697025 0.532437 0.459517 0.269861 0.218489 0.126338 0.100282 0.068676 0.048069 0.065309 0.093633 0.221894 0.050164 0.851483 -0.159692 -0.014025 -0.019916 -0.031106 -0.03429 -0.072704 -0.055192 -0.050437 -0.041219 0.018259 0.056838 0.033452 -0.029904 0.03506 0.1491 0.229157 0.223558 0.190692 0.008308 0.055995
0.020431 0.016384 0.022757 0.017416 0.019395 0.015277 0.022164 0.021442 0.020303 0.012649 0.030667 0.007493 0.01349 0.016459 0.026117 0.03695 0.026332 0.037855 0.04418 0.057432 0.056662 0.06801 0.157958 0.195761 0.294207 0.32437 0.56235 0.691754 0.7089 0.514824 0.470449 0.375131 0.307338 0.183541 0.211902 0.074685 0.12937 0.106029 0.03537 -0.015967 0.770269 -0.087565 -0.011781 -0.018728 -0.0342 -0.04764 -0.065177 -0.070441 -0.033082 -0.011313 0.025202 0.061539 0.01807 -0.025029 0.045122 0.116125 0.15852 0.149606 0.08381 0.131947 -0.085486
0.022016 0.021691 0.017833 0.022208 0.024541 0.022939 0.025566 0.026271 0.020624 0.020708 0.014714 0.014736 0.013513 0.005378 0.029986 0.018667 0.040167 0.034105 0.049673 0.056957 0.055765 0.068951 0.155805 0.169515 0.193061 0.205673 0.474863 0.633207 0.74328 0.703339 0.495315 0.462718 0.42095 0.450091 -0.417835 0.192536 0.158817 0.104073 0.04627 0.030654 -0.086938 -0.021529 -0.022762 -0.036763 -0.062832 -0.052419 -0.056824 -0.041346 -0.03873 -0.051686 -0.029699 0.009096 -0.038317 0.022162 0.111171 0.205073 -0.366767 0.033413 0.049968 -0.023824 -0.032351
0.022339 0.020761 0.021311 0.018381 0.022854 0.023753 0.025323 0.019194 0.019192 0.02249 0.019639 0.021024 0.014392 0.023545 0.015225 0.030934 0.030664 0.036611 0.054823 0.053477 0.056203 0.061382 0.074775 0.162161 0.097827 0.178081 0.265373 0.398737 0.533375 0.501963 0.390504 0.284816 0.331447 0.301431 0.25386 0.178838 0.22429 0.118915 0.043869 0.020853 -0.021344 -0.027367 -0.033185 -0.043692 -0.052233 -0.054644 -0.055323 -0.037889 -0.03924 -0.033105 -0.066785 -0.052119 -0.05556 0.013958 0.119382 -0.302841 0.140487 -0.010553 -0.022139 -0.039814 -0.045438
0.015108 0.012544 0.014379 0.01683 0.023017 0.021437 0.023934 0.020861 0.023775 0.022843 0.020918 0.018179 0.017341 0.010625 0.019155 0.026118 0.030302 0.042618 0.0496 0.049074 0.057674 0.057068 0.077103 0.21178 0.105685 0.112459 0.235464 0.12802 0.263932 0.265577 0.122019 0.115121 0.219669 0.181718 0.154738 0.289826 0.300713 0.109179 0.044805 0.025748 0.006204 -0.007851 -0.025596 -0.036391 -0.06228 -0.052816 -0.047983 -0.056857 -0.050768 -0.05652 -0.064284 -0.071526 -0.075775 -0.054606 0.006924 0.033755 -0.022704 -0.02001 -0.039622 0.013153 -0.029925
0.009274 0.011082 0.013148 0.016943 0.018497 0.024552 0.022594 0.027863 0.025078 0.020384 0.020338 0.019258 0.022142 0.024336 0.017873 0.024392 0.029692 0.039066 0.043597 0.052578 0.05037 0.05606 0.195386 0.177717 0.374296 0.185185 0.170234 0.151252 0.114033 0.085924 0.100327 0.137239 0.135444 0.131894 0.181032 0.316404 0.230612 0.099541 0.035188 0.014901 -0.004287 -0.007094 -0.026511 -0.046048 -0.053901 -0.045467 -0.054633 -0.053418 -0.055467 -0.059364 -0.064784 -0.079852 -0.062992 -0.081516 -0.044168 -0.042978 -0.039091 -0.084746 -0.031305 -0.053841 0.004443
0.007332 0.008449 0.01451 0.017289 0.016934 0.026961 0.022775 0.021266 0.021427 0.020213 0.01474 0.026413 0.026425 0.023566 0.030633 0.025884 0.030871 0.038287 0.044964 0.047924 0.049135 0.05189 0.086785 0.406259 0.296099 0.420332 0.32706 0.12747 0.106354 0.182324 0.301664 0.200593 0.20855 0.297297 0.248395 0.245915 0.180988 0.050503 0.026572 0.002229 -0.003711 -0.03008 -0.027864 -0.046771 -0.045378 -0.048114 -0.049223 -0.046865 -0.05737 -0.058131 -0.069029 -0.072252 -0.090566 -0.062161 -0.066036 -0.059962 -0.072462 -0.043165 -0.058016 -0.001421 -0.083226
0.005711 0.007411 0.01127 0.012372 0.017646 0.019789 0.024838 0.034877 0.020864 0.027867 0.023215 0.026535 0.029333 0.026643 0.029403 0.02971 0.035988 0.035202 0.03892 0.046914 0.050681 0.052415 0.131208 0.183903 0.504655 0.435916 0.376325 0.338658 0.273978 0.366073 0.031682 0.592612 0.503939 0.370736 0.346201 0.22129 0.058947 0.038808 0.018 0.001551 -0.010626 -0.011955 -0.03263 -0.038742 -0.045318 -0.044479 -0.045091 -0.052835 -0.055452 -0.067521 -0.072131 -0.080523 -0.070158 -0.080127 -0.065827 -0.074517 -0.08029 -0.101708 -0.11679 -0.047922 -0.047955
-0.007472 -0.002297 0.007045 0.015198 0.019299 0.023011 0.024994 0.020649 0.025523 0.014399 0.026499 0.022099 0.024247 0.026961 0.026873 0.029861 0.031777 0.037416 0.041078 0.047203 0.044025 0.048159 0.06094 0.1408 0.166851 0.241889 0.310032 0.239697 0.256073 0.28184 0.412931 0.481572 0.428663 0.459596 0.365748 0.189774 0.100541 0.020154 0.010238 -0.003963 -0.01075 -0.021376 -0.042728 -0.035324 -0.047013 -0.051835 -0.043161 -0.048233 -0.045951 -0.0674 -0.068395 -0.071762 -0.08291 -0.076159 -0.070357 -0.074085 -0.085823 -0.078484 -0.080835 -0.030487 -0.098486
-0.016164 -0.011581 0.002977 0.006254 0.013726 0.022449 0.022269 0.024912 0.022167 0.020399 0.025517 0.020742 0.021484 0.028355 0.030455 0.036238 0.038097 0.037389 0.039373 0.036551 0.039521 0.038729 0.035357 0.042403 0.049477 0.07671 0.170374 0.246587 0.176855 0.115245 0.250446 0.321638 0.478691 0.397421 0.28198 0.161939 0.039139 0.012294 0.001869 -0.00641 -0.008634 -0.020817 -0.03225 -0.042559 -0.031501 -0.03764 -0.048815 -0.053183 -0.056119 -0.06887 -0.078842 -0.083201 -0.084205 -0.079655 -0.07451 -0.074136 -0.080898 -0.078147 -0.070042 -0.067303 -0.056907
-0.019638 -0.014308 -0.005167 0.008162 0.008711 0.017828 0.021834 0.024626 0.016471 0.019207 0.022036 0.026183 0.027777 0.029532 0.032105 0.038907 0.029627 0.031573 0.034464 0.028029 0.040908 0.033115 0.03143 0.031099 0.032854 0.123197 0.25735 0.300455 0.188861 0.136292 0.199523 0.39321 0.376904 0.395542 0.195281 0.054061 0.030345 0.009461 0.002792 -0.010239 -0.013934 -0.026848 -0.034368 -0.03229 -0.029692 -0.038093 -0.045349 -0.056097 -0.059853 -0.066841 -0.07598 -0.075244 -0.074762 -0.068201 -0.073392 -0.077608 -0.088048 -0.07941 -0.066958 -0.055022 -0.043613
-0.015833 -0.007134 0.000611 0.007918 0.012846 0.018651 0.024474 0.0187 0.027094 0.011736 0.030135 0.020086 0.033012 0.029921 0.034019 0.024086 0.027062 0.026546 0.028927 0.030032 0.024499 0.026986 0.025769 0.02574 0.032131 0.126393 0.316436 0.303791 0.17594 0.076619 0.132922 0.146768 0.214398 0.130974 0.03895 0.019159 0.006282 0.003226 -0.009706 -0.013108 -0.01847 -0.011822 -0.039489 -0.002624 -0.030404 -0.035345 -0.053148 -0.062154 -0.073928 -0.068749 -0.067714 -0.074023 -0.073896 -0.079145 -0.071599 -0.078013 -0.080166 -0.073932 -0.06153 -0.057357 -0.04119
-0.008687 -0.002194 0.003734 0.002634 0.011005 0.016002 0.018038 0.018177 0.004789 0.03062 0.003084 0.039879 0.01465 0.036573 0.026619 0.022059 0.021846 0.014342 0.024352 0.023795 0.024941 0.019707 0.021216 0.018376 0.022975 0.109392 0.171006 0.225669 0.07201 0.047336 0.059225 0.040313 0.05264 0.030638 0.016484 0.004038 0.002957 -0.007161 -0.010864 -0.004246 -0.016834 -0.015231 -0.012944 -0.026823 -0.020719 -0.039282 -0.057023 -0.061486 -0.062886 -0.066303 -0.073662 -0.065867 -0.073421 -0.080851 -0.081127 -0.083817 -0.078749 -0.076804 -0.059152 -0.043566 -0.030232
-0.006004 0.002621 0.004538 0.011853 0.007608 0.015276 0.012912 0.019798 0.010311 0.013012 0.035735 0.00447 0.034233 0.02405 0.026103 0.021153 0.023654 0.013751 0.021655 0.018338 0.020516 0.020655 0.017222 0.012768 0.019673 0.02028 0.105245 0.045344 0.03054 0.032511 0.011589 0.027711 0.011026 0.009714 0.003961 -0.004151 -0.005885 -0.015569 -0.013558 -0.024668 -0.003946 -0.006757 -0.016167 -0.024951 -0.029975 -0.043423 -0.054915 -0.064686 -0.065928 -0.064871 -0.068096 -0.076952 -0.081237 -0.082428 -0.08698 -0.083658 -0.073507 -0.063559 -0.05355 -0.04557 -0.038448
0.001836 0.00428 0.003725 0.008665 0.010903 0.011671 0.0222 0.008509 0.015633 0.022918 -7.5e-005 0.037178 0.014146 0.021243 0.030485 0.006493 0.020159 0.019262 0.02093 0.01654 0.018136 0.014075 0.012476 0.009043 0.012665 0.009583 0.019001 0.016421 0.015791 0.01506 0.023693 0.000149 0.002906 -0.001296 -0.004579 -0.005536 0.003544 -0.024873 -3.2e-005 -0.004241 -0.008356 -0.009996 -0.01463 -0.018407 -0.031768 -0.039368 -0.044063 -0.051814 -0.059323 -0.07214 -0.062435 -0.078748 -0.080035 -0.088262 -0.088303 -0.079031 -0.067069 -0.05535 -0.057139 -0.035116 -0.033728
0.002452 0.007836 0.006644 0.005886 0.016246 0.010287 0.021967 0.003741 0.006986 0.016168 0.028246 0.010258 0.019142 0.019086 0.013428 0.024119 0.020855 0.012869 0.01411 0.016889 0.011082 0.013111 0.015415 0.017455 0.014005 0.005012 0.013497 0.008491 0.009513 0.012699 0.011081 0.004916 0.009168 -0.005454 -0.002079 -0.007081 -0.011616 0.008763 -0.00579 -0.010409 -0.008216 -0.010532 -0.018854 -0.034151 -0.028594 -0.038278 -0.0472 -0.054634 -0.057872 -0.060233 -0.069288 -0.073974 -0.083726 -0.080093 -0.080751 -0.074988 -0.063029 -0.063131 -0.049076 -0.027271 -0.052927
0.011622 0.008888 0.011912 0.010566 0.007245 0.010748 0.007867 0.017924 0.018826 -0.002048 0.020685 0.011945 0.022952 0.018093 0.020732 0.017039 0.019706 0.01853 0.018027 0.014151 0.012256 0.008161 0.00867 0.010622 0.00995 0.010329 0.005425 0.005346 0.007978 0.002816 0.009447 0.012002 0.006497 -0.003128 -0.005453 -0.010773 -0.006701 -0.015358 -0.009657 0.004477 -0.005676 -0.012481 -0.022681 -0.022805 -0.024925 -0.042084 -0.036667 -0.048276 -0.066339 -0.061473 -0.071671 -0.081833 -0.08494 -0.075142 -0.069401 -0.063153 -0.057737 -0.051871 -0.039803 -0.062049 -0.015197
0.01082 0.011981 0.014969 0.012491 0.014552 0.00464 0.02107 -0.00765 0.014185 0.023931 0.009227 0.020593 0.020778 0.006926 0.012227 0.016544 0.014847 0.011148 0.012062 0.007135 0.00421 0.010335 0.006197 0.004288 0.001183 0.004029 0.002964 0.000842 0.003246 0.001485 0.014258 0.009143 0.005382 0.005499 0.002185 -0.004851 -0.008165 0.001398 0.002816 -0.003545 -0.002024 -0.014562 -0.01907 -0.012861 -0.031459 -0.034517 -0.042974 -0.058792 -0.057467 -0.076257 -0.078448 -0.085968 -0.080708 -0.068811 -0.065038 -0.055988 -0.054532 -0.054019 -0.067926 -0.023042 -0.002418
0.016198 0.009118 0.007192 0.011973 0.019094 0.016824 0.004803 0.02826 0.005849 0.013424 0.013634 0.023436 0.011835 0.011307 0.010162 0.013338 0.012881 0.012226 0.008582 0.007265 0.002933 0.005108 0.005816 0.001503 0.003964 -0.000423 0.001453 0.00148 0.005289 0.01049 0.004602 0.01033 0.011668 0.000214 0.004914 -0.000197 0.00113 -0.004507 -0.001195 -0.002061 -0.008987 -0.016669 -0.016783 -0.028826 -0.031164 -0.036761 -0.050845 -0.055134 -0.054378 -0.074926 -0.084846 -0.07878 -0.072311 -0.064168 -0.056601 -0.058984 -0.061054 -0.018215 -0.03525 -0.031417 -0.034935
0.014974 0.013864 0.010736 0.017266 0.014346 0.009575 0.017729 0.007379 0.018519 0.023701 0.024145 0.008596 0.020834 0.00786 0.013517 0.011847 0.007385 0.010312 0.005136 0.006235 0.004446 0.001977 0.000747 0.005042 -0.004614 0.001832 0.003692 -0.002391 0.005583 0.006689 0.007834 0.011575 -0.001225 -0.000269 0.002367 -0.00271 -0.002043 -0.002686 0.00021 -0.006049 -0.013881 -0.009031 -0.012133 -0.018189 -0.032829 -0.039974 -0.044869 -0.052075 -0.067822 -0.084698 -0.084174 -0.066918 -0.074876 -0.064606 -0.070276 -0.028591 -0.02949 -0.034069 -0.047498 -0.049333 -0.028268
0.01794 0.021657 0.022496 0.016017 0.018558 0.019953 0.019879 0.018945 0.023422 0.003148 0.023037 0.013404 0.023691 0.004812 0.006148 0.009389 0.013192 0.00573 0.002571 0.002368 -0.002907 -0.000527 -0.000705 0.002013 0.002122 0.008207 -0.008329 0.007845 0.004866 -0.000975 0.011231 -0.00125 0.004957 -0.008241 -0.001722 0.003145 0.002056 0.014736 -0.003225 -0.002159 -0.010821 -0.013276 -0.014579 -0.019602 -0.031284 -0.041553 -0.051795 -0.058804 -0.076845 -0.085085 -0.071516 -0.063967 -0.061915 0.006437 -0.033097 -0.022621 -0.02354 -0.037895 -0.041882 -0.031406 -0.022209
0.01663 0.018082 0.020376 0.021834 0.02179 0.01917 0.011673 0.018889 0.008221 0.030497 0.006008 0.032074 -0.008464 0.020131 0.012129 -0.001057 0.00247 0.013484 0.003296 -0.001162 -0.00347 1.2e-005 0.002257 0.004039 -0.003818 -0.003062 0.008594 -0.008223 0.002613 0.005483 0.014247 0.009556 -0.006553 -0.00357 0.011111 -0.0143 0.005644 0.001695 0.006137 -0.001725 -0.003816 -0.01478 -0.010356 -0.020229 -0.029607 -0.043081 -0.059274 -0.070789 -0.0901 -0.070898 -0.079556 -0.066789 -0.069698 -0.035053 -0.03117 -0.018491 -0.007538 -0.036282 -0.026871 -0.011119 -0.0221
0.021552 0.019924 0.026692 0.021178 0.021272 0.016834 0.015904 0.01933 0.011737 0.012517 0.019836 0.00386 0.035792 0.009283 -0.001612 0.012885 0.007806 -0.001748 0.002891 -0.005614 -0.000227 -0.005497 -0.002044 -0.004726 -0.001818 0.001001 0.002247 -0.001544 0.002018 0.009891 -0.008768 0.011872 -0.02062 0.019904 -0.026939 0.013584 0.014467 0.008085 0.002386 -0.001826 -0.001903 -0.008763 -0.010888 -0.018331 -0.038022 -0.048125 -0.05903 -0.090885 -0.082835 -0.072729 -0.075424 -0.007824 -0.04429 0.014269 -0.000907 -0.007182 -0.033799 -0.036507 -0.021481 0.001399 -0.020909
0.020573 0.017965 0.012943 0.016118 0.014029 0.017319 0.013821 0.011449 0.012403 0.011656 0.013773 0.015219 0.007699 0.015474 0.024749 -0.012975 0.006151 0.001771 -0.000671 0.002356 0.00056 -0.002663 -0.002086 0.000508 0.000884 -0.004729 0.00648 0.007025 6.9e-005 0.003007 0.017765 -0.016287 0.002654 -0.02386 0.016213 0.012232 -0.018797 0.003587 0.001859 -0.002405 4.2e-005 -0.002882 -0.014188 -0.022815 -0.038243 -0.051847 -0.07227 -0.086939 -0.073478 -0.072462 -0.086515 -0.046757 -0.005241 -0.011093 -0.000234 -0.023033 -0.008503 -0.005023 -0.023795 -0.015141 0.016651
0.017007 0.015894 0.01816 0.022473 0.011375 0.017768 0.01782 0.015425 0.016508 0.008259 -0.002446 0.028921 0.022909 0.019846 -0.002676 0.005799 -0.000336 0.000208 -0.001915 0.002116 -0.001846 -0.00011 0.001424 0.004787 0.000569 0.018427 0.012588 0.013919 0.009878 0.007033 0.007756 0.001364 -0.012178 -0.003389 -0.011859 -0.011865 0.029339 0.006277 3.5e-005 -0.001812 -0.00079 -0.005184 -0.011348 -0.025853 -0.042977 -0.045078 -0.095454 -0.068278 -0.077405 -0.091969 -0.032616 0.01187 -0.018937 -0.006258 0.014609 -0.003737 -0.001633 0.002068 -0.018332 0.021945 -0.002421
